-0.004498
0.002215
0.006145
0.000098
-0.004331
0.022533
0.012858
0.009713
0.004770
0.011905
-0.015171
-0.011285
0.010514
-0.008610
-0.013598
0.000839
-0.000476
0.006387
0.003046
-0.003893
0.007929
0.009154
-0.005193
-0.014687
-0.024816
0.004845
0.024483
-0.016380
-0.024740
0.003984
-0.008413
-0.001202
0.007521
-0.006342
-0.008806
0.016123
-0.004059
-0.010771
0.012646
-0.029351
0.007718
-0.000204
-0.011890
0.005042
-0.006644
0.012177
-0.018859
0.010469
0.014551
-0.007657
-0.000763
-0.007415
0.007007
0.001157
0.019449
0.005223
-0.001444
0.013855
0.002139
0.007340
-0.004558
-0.013372
-0.004800
0.014702
-0.005420
-0.006508
0.005526
-0.011331
-0.001429
0.012873
-0.010167
-0.006795
-0.011104
-0.005012
0.014989
0.011089
0.007249
-0.003515
0.000083
0.010363
0.003908
-0.010061
-0.015140
0.009063
-0.020356
-0.024604
-0.000869
0.008337
-0.009290
0.003666
0.004331
0.004649
0.007249
0.008473
-0.013583
-0.009350
0.014173
-0.016924
0.004180
-0.005798
-0.008730
0.008353
0.014279
-0.001731
-0.002139
0.003953
-0.001973
0.000053
0.000219
0.008307
0.001701
0.000129
0.000280
-0.010091
0.001534
0.012676
-0.013372
0.011784
-0.016894
-0.018406
0.023198
-0.007309
-0.005783
-0.000688
-0.005344
-0.007113
0.016667
-0.009048
0.006599
0.004210
0.013462
-0.009275
-0.014778
0.006236
-0.008337
0.003152
0.015292
-0.010318
0.010242
0.006251
-0.001988
0.000794
0.001232
0.007959
0.001943
-0.010031
-0.003893
0.004921
0.001504
-0.003409
0.005888
-0.003621
-0.003757
-0.012298
-0.009381
0.006251
0.002547
-0.022639
-0.007385
-0.013719
0.000794
-0.000884
-0.006115
-0.004361
0.010454
0.004377
0.003031
-0.000083
0.001912
0.009501
-0.003696
0.015760
-0.010726
0.010227
0.005087
0.003711
0.001126
0.015004
-0.015866
0.003908
0.008670
0.014566
0.001036
0.008035
-0.008579
0.004845
-0.000280
-0.007309
0.001958
0.005510
0.002623
-0.014233
-0.002925
0.003515
0.004800
0.004286
0.002381
0.006372
0.000386
0.011285
0.017363
-0.003107
0.015775
0.003953
0.006644
0.000567
0.012449
0.002109
0.009048
0.011542
0.005646
0.006690
-0.002200
-0.002487
-0.010121
0.005329
-0.017363
0.010272
-0.012328
0.007778
0.016728
-0.012752
0.000960
0.000824
0.010560
-0.003258
-0.017846
0.001776
0.001187
0.000280
-0.009728
-0.006463
0.011467
0.007914
0.019268
0.004104
-0.018300
-0.007506
-0.003984
-0.009653
-0.007929
-0.009698
0.002200
0.003046
-0.012661
-0.007400
0.005571
0.004634
0.011149
-0.006387
-0.029381
0.002169
-0.001036
-0.009638
0.004709
-0.002532
0.007007
0.002774
0.001141
-0.003590
-0.000945
-0.001640
-0.007037
-0.000189
-0.015035
0.003001
-0.012449
0.003152
0.008050
0.019555
-0.005420
0.010136
-0.005873
-0.009925
-0.017166
0.006281
0.006433
-0.006236
-0.002532
0.014007
0.007854
0.007778
-0.003424
-0.010152
0.005102
0.009940
-0.003968
0.009879
-0.002018
0.006538
-0.004316
-0.006130
-0.010378
0.016546
-0.005132
-0.002774
-0.004467
-0.018950
0.008685
-0.011845
0.000355
-0.005102
-0.004059
0.003001
-0.001701
-0.005012
0.006886
-0.002910
-0.002169
-0.007899
0.010303
0.003288
0.008640
0.005571
0.017242
0.009864
0.004951
0.001776
0.002260
-0.019071
0.016093
-0.017015
0.006992
0.000340
-0.006569
-0.010923
-0.006629
0.001111
-0.022412
0.008776
0.012858
0.006720
0.004588
-0.015911
0.004936
-0.004392
-0.011376
-0.004588
-0.009834
0.038165
0.019101
0.001126
-0.010620
-0.001867
0.013855
0.016743
0.008428
0.006780
-0.000930
0.004225
0.001837
-0.006115
0.000446
-0.004664
0.001550
0.007899
-0.015715
-0.015050
0.028157
-0.002653
-0.015110
-0.003984
-0.010424
-0.008292
-0.013780
-0.016546
0.004996
0.010439
-0.011376
0.004709
0.005934
0.019661
-0.003742
0.011376
0.011013
0.004089
0.017862
0.008972
-0.010862
0.003288
-0.008882
-0.011482
0.012540
0.016834
-0.001277
-0.001776
0.003364
-0.002351
-0.022200
0.012873
0.015428
-0.005979
-0.007778
-0.016682
0.008458
-0.006856
0.015458
0.012903
0.010439
-0.002804
-0.002457
0.006765
0.003681
0.004815
-0.009275
-0.010802
-0.007143
-0.010907
-0.014778
0.011663
0.012706
0.012344
-0.020341
0.011437
-0.020311
0.003031
0.006947
-0.015730
0.002442
0.002169
0.001822
-0.011195
0.001897
0.000416
-0.008050
-0.006040
0.007037
-0.000975
0.024680
-0.004120
-0.003500
0.004679
-0.011618
-0.005964
0.011709
0.006811
0.002230
0.004392
0.000038
0.001807
0.013205
-0.005616
-0.023364
-0.002336
0.009789
0.010469
0.009471
0.008579
0.001595
0.001051
0.009622
0.005798
-0.009895
-0.005420
-0.015473
0.001202
0.008035
-0.013417
0.000552
0.001580
-0.004770
0.011845
-0.000189
-0.008156
0.008216
0.012056
-0.007158
-0.009592
-0.006085
0.026796
0.000930
0.013644
-0.021792
0.010514
0.004724
0.007778
-0.000068
-0.000416
0.015201
-0.014626
0.008171
0.003092
0.006266
0.006342
-0.004452
-0.004256
-0.010167
0.012812
0.000068
0.000552
0.003228
-0.005012
0.009139
0.002200
0.009895
0.006947
0.002426
-0.019676
-0.008247
0.017725
-0.011240
-0.015760
0.006750
-0.006508
0.017000
0.003016
0.000990
0.006674
-0.023334
0.001988
-0.011875
-0.001595
0.013432
-0.010227
-0.000113
-0.008549
0.012404
-0.004966
0.005344
0.012525
0.010031
-0.012979
-0.016970
0.016335
0.005541
-0.001928
-0.005344
-0.013583
0.017529
0.005541
-0.009501
0.003575
-0.003454
0.000854
0.006659
-0.004452
0.008337
-0.008413
-0.004029
0.008912
0.019555
0.002714
0.000567
-0.009879
-0.007582
0.005208
0.002442
0.012963
-0.017786
0.012449
-0.003243
-0.003454
-0.007582
0.006538
-0.009879
-0.002850
-0.012147
-0.006191
0.003878
0.032541
0.001867
-0.004588
0.000612
0.008111
0.015458
-0.011648
-0.013583
0.002986
0.006977
-0.006055
0.000960
0.005495
0.001187
0.013538
0.014460
-0.009910
0.008836
-0.002487
0.003515
-0.004104
0.006236
0.011739
-0.009214
-0.003439
0.005148
-0.021460
0.016577
0.010378
-0.012722
0.004014
0.014384
-0.003666
-0.001308
0.003666
-0.002064
0.003832
-0.000537
0.017075
0.014657
0.014127
-0.009501
-0.014400
-0.013160
0.025466
0.018874
0.001988
-0.011648
-0.000008
0.001791
0.011074
0.001368
-0.002623
-0.006735
-0.006402
0.013311
0.006417
-0.008277
-0.004271
-0.010968
-0.016199
0.008307
-0.007415
-0.000431
0.006826
-0.023107
-0.003288
-0.006221
0.005919
-0.010847
0.005480
0.000325
-0.012389
-0.009093
0.001897
-0.002789
0.003621
0.001414
0.015216
-0.009698
-0.001716
-0.000597
-0.009229
0.003333
-0.003031
-0.010227
-0.003575
0.002366
-0.001081
0.007385
0.006160
0.005994
-0.004135
0.012873
0.000900
-0.002653
0.005374
0.000673
0.001217
-0.010998
-0.005677
-0.003878
-0.004044
0.014445
-0.000355
0.006599
-0.019600
0.018587
-0.021384
0.024377
-0.013160
0.001277
0.003893
-0.011784
0.005420
0.006554
0.001731
-0.011845
0.000869
-0.013205
0.011935
0.007990
0.004951
-0.015065
-0.003590
0.008398
-0.017544
-0.001051
0.010666
0.010333
0.012510
-0.007204
0.014037
0.004770
-0.003893
0.009048
0.009093
0.006614
-0.007718
-0.008262
0.015715
0.015715
-0.011845
0.008277
0.027552
0.005828
-0.006674
0.021535
0.013780
0.000461
0.008942
-0.008730
0.002910
0.005964
-0.005208
0.012782
0.006856
-0.001867
0.009139
-0.003515
-0.002200
-0.012071
-0.002895
-0.003122
-0.003832
0.007355
-0.003364
-0.001731
0.004573
-0.020447
0.015246
-0.005677
-0.008534
-0.006115
0.007491
-0.004195
0.012510
0.008972
0.013190
-0.005042
-0.001565
0.006040
0.014445
-0.001595
0.001429
-0.010076
-0.015594
0.007566
0.002623
0.010227
0.022866
-0.004891
-0.013901
-0.027068
-0.004044
-0.014475
-0.000884
-0.000023
0.002699
-0.007385
0.003893
-0.000537
0.012268
0.001580
0.017302
-0.009758
0.004331
0.000008
0.004573
-0.024271
-0.002714
0.006145
-0.001247
0.007461
-0.006040
-0.007642
0.010847
0.004860
-0.012132
0.008096
-0.001625
-0.013356
0.002608
-0.004346
-0.007536
0.006599
-0.005374
0.004241
0.000688
-0.008247
0.003832
0.006221
-0.006795
-0.017846
-0.006644
-0.001141
0.008670
0.007582
0.005344
-0.015140
0.008579
0.000340
0.007264
-0.012752
-0.008851
-0.004135
0.002593
-0.003545
0.016047
0.009517
-0.009365
0.005601
-0.005919
-0.008337
0.002487
0.003016
0.001444
0.001368
0.027280
-0.021686
0.005012
0.010832
-0.006417
0.002442
0.019766
0.017045
-0.006493
-0.003621
-0.002154
0.001187
0.017423
0.000763
0.000627
0.006493
0.002714
-0.004014
-0.012480
0.007929
0.006221
-0.005949
-0.003515
0.007340
-0.015412
-0.006191
-0.011331
-0.008534
-0.005858
0.004104
0.008504
-0.001822
0.004800
0.008020
-0.006841
0.012616
-0.003575
0.017136
-0.006009
-0.005843
0.000461
0.005813
-0.001837
0.005767
0.013341
-0.001368
-0.006992
-0.005677
0.005979
0.022185
-0.007733
-0.001247
-0.005767
0.013160
-0.009139
0.001565
0.003046
0.011195
0.015775
-0.009290
-0.019313
-0.009456
0.005873
-0.002154
0.012722
-0.021444
-0.004452
-0.019963
0.003817
0.011452
-0.011331
-0.001036
-0.001232
0.000355
-0.013870
0.001474
-0.005042
-0.005314
-0.013946
-0.001973
-0.005374
-0.004089
0.019177
0.017166
0.009925
-0.009426
-0.008942
0.013145
0.014203
0.020386
-0.002064
0.011028
0.016153
-0.010106
-0.007037
0.012661
0.005057
0.009108
-0.013251
-0.013795
-0.009864
0.017499
0.013251
-0.009970
-0.010469
0.023742
-0.021656
-0.006811
-0.004422
0.006085
-0.005163
0.019751
0.005102
0.003968
0.009713
0.017574
-0.001459
-0.008942
-0.006569
-0.003470
-0.002729
0.013886
0.013568
-0.014097
-0.012601
0.006040
-0.001081
-0.011406
-0.006387
-0.005873
-0.015715
-0.008171
-0.003590
-0.021218
-0.001308
0.033357
0.015926
0.006055
-0.000461
-0.003636
-0.014309
-0.004634
-0.007370
-0.013009
-0.017846
0.002895
0.002260
-0.008368
0.007642
-0.007959
-0.000809
0.006055
-0.001293
-0.000522
-0.006584
0.013886
-0.003953
-0.002154
0.015050
-0.006493
0.001308
0.004407
0.002033
-0.011043
0.007612
0.003243
0.006221
0.002260
-0.019721
-0.002547
0.019842
-0.001655
-0.000476
0.007461
-0.006251
0.019192
-0.003787
-0.010167
-0.013523
-0.017801
-0.016728
-0.001353
0.011724
-0.002683
0.001565
0.010091
-0.000249
-0.008065
0.001081
0.003621
0.003122
0.011104
-0.014067
-0.003636
0.007385
0.003530
-0.005495
0.011467
-0.017559
-0.017181
0.010907
0.009592
-0.005132
0.007748
0.000431
0.010771
-0.022004
0.004150
0.008216
-0.006886
-0.013644
-0.021686
0.019630
-0.009471
-0.011588
-0.009441
-0.010409
0.007536
0.012328
-0.008700
-0.012026
-0.023969
0.006599
0.001020
0.017151
-0.011376
0.017741
-0.013130
0.005299
-0.010000
-0.010091
0.007188
0.023848
-0.006886
0.010560
0.021505
0.013417
0.014007
-0.013296
0.009139
-0.004089
0.012752
0.006221
-0.003288
-0.000280
-0.009305
-0.011663
0.023984
-0.003893
0.013991
-0.012994
0.001459
-0.001852
-0.000234
-0.005072
0.016350
0.001444
0.013674
0.028640
0.004346
0.013750
0.003454
0.008216
0.001429
0.007128
-0.000809
-0.006478
-0.017423
-0.001277
0.011603
-0.009592
0.016561
-0.007687
0.000824
-0.016123
-0.006433
-0.002925
0.013765
-0.004981
-0.016153
0.007279
-0.024287
0.004845
-0.003953
-0.020054
0.004316
0.002275
-0.013659
-0.006992
0.002729
0.000537
-0.007642
0.009320
-0.003560
-0.002351
0.005072
0.003303
0.001398
0.001807
-0.007899
-0.011089
0.012026
-0.007264
0.004951
0.007158
0.005329
0.011935
-0.019570
0.002154
-0.006236
-0.001277
0.004588
-0.014082
0.012056
-0.012782
-0.012994
-0.007551
0.010046
0.005722
-0.005601
-0.015110
0.002381
0.010106
0.002865
-0.013568
0.000204
-0.002699
-0.004452
-0.001897
0.005858
-0.003893
-0.020537
-0.005253
0.009925
-0.003787
-0.002699
0.013780
-0.011482
0.004301
0.008096
0.004210
-0.012026
-0.022457
0.012298
0.007914
-0.007234
-0.009139
0.000068
-0.008715
-0.003349
-0.005586
0.001610
0.007249
-0.002759
0.007793
-0.010756
-0.008096
-0.000401
-0.001701
-0.003182
-0.002442
0.013236
0.001459
-0.013462
-0.008005
0.016199
0.006251
0.004618
0.002487
-0.004104
0.018179
0.012994
0.009199
-0.007158
0.006674
-0.013024
0.006327
0.011633
-0.019147
-0.005843
-0.003092
-0.012812
0.006599
-0.006599
0.002064
0.009577
0.003953
-0.000098
-0.000915
-0.006145
0.001187
0.004241
-0.001988
0.003273
0.000884
0.004860
-0.000627
0.018497
0.017332
-0.017635
0.007325
0.004755
0.008126
-0.008700
0.015639
-0.013719
0.011316
-0.008519
-0.007052
0.009229
-0.010212
0.001686
-0.011512
0.004845
-0.004755
0.000476
-0.000869
0.013447
-0.002305
-0.003863
0.006614
-0.006584
-0.000930
0.007869
0.006856
0.002744
0.008549
-0.013432
-0.006750
0.012419
-0.003742
0.003349
-0.018134
0.019131
0.000779
0.001565
-0.010847
-0.003303
-0.013160
-0.012192
-0.010288
-0.003046
0.007551
-0.005934
-0.009547
0.005964
0.017468
0.001157
0.007672
-0.002351
0.002290
0.004482
-0.020598
-0.007325
-0.011225
-0.022926
0.006871
-0.022775
0.003757
-0.000386
-0.009532
-0.008882
-0.006009
-0.005783
0.000476
0.011603
0.011694
0.012631
0.007929
0.010953
0.015669
0.011482
-0.004089
-0.008882
-0.004074
0.004150
0.011149
-0.006659
0.020522
0.002562
-0.005465
0.009199
-0.000930
-0.002064
-0.004649
-0.008156
-0.006342
0.014097
0.000189
-0.013689
-0.001776
0.009713
0.007037
0.005843
-0.000733
0.010983
0.017665
0.008625
-0.006448
0.002789
0.002200
0.001398
0.003515
0.009819
-0.003001
0.021308
-0.005178
-0.006009
-0.015654
0.005646
0.002336
0.004800
-0.000386
0.011074
-0.003258
-0.004014
-0.000355
0.004588
-0.013417
0.006115
-0.003772
-0.007370
-0.005813
0.015669
-0.019782
-0.002305
0.003333
-0.011300
-0.001323
-0.008353
0.005148
0.016607
0.011497
-0.003303
-0.011890
-0.002925
0.010409
0.010696
0.002880
0.014944
0.008912
0.009290
0.009381
0.004195
0.003454
0.009547
-0.014400
0.019131
0.008610
-0.001791
0.003409
-0.000386
0.003772
0.008322
0.002064
-0.015261
0.005238
0.005042
-0.000476
0.002185
-0.004437
0.001398
0.000159
0.009607
-0.018194
0.014173
-0.008957
0.004256
-0.004346
0.001625
-0.004785
0.003046
0.000673
-0.008791
-0.010953
-0.017272
0.000476
0.019887
0.001731
-0.007461
0.000990
-0.002653
0.017801
-0.006750
0.011300
0.013130
0.006417
-0.006735
0.010348
0.012525
0.005359
0.001459
-0.009396
-0.005087
-0.004180
-0.012585
0.008126
-0.009426
0.001550
-0.000446
0.011421
-0.005359
0.007445
0.003681
-0.026055
-0.002064
-0.004256
0.006614
0.015775
-0.024226
0.016561
0.010439
0.003303
-0.016108
-0.007839
0.007400
0.000234
-0.003379
-0.000295
-0.012812
-0.001867
-0.004966
-0.006705
0.012570
0.010590
-0.010378
0.011195
0.002653
-0.011588
0.010469
0.012691
-0.009955
-0.003878
0.005344
0.011467
0.009517
-0.000597
0.003394
0.004649
-0.000522
-0.006433
-0.000915
0.011043
-0.012706
0.011935
0.008640
0.005692
0.009940
-0.001686
-0.006160
0.007204
-0.009713
-0.004694
0.005526
0.008549
-0.005450
0.007914
0.000506
-0.012616
0.010741
-0.004724
0.008987
-0.013266
-0.014944
0.004467
-0.017801
-0.000854
-0.003485
0.013462
0.000416
0.002487
0.007264
0.001353
-0.001020
-0.003560
0.008897
-0.010121
-0.005435
0.002396
0.002759
0.002925
-0.008610
0.004150
0.001716
-0.004543
0.008020
0.031316
0.002502
0.002850
-0.003530
0.006417
0.012298
-0.005117
-0.035489
-0.007702
-0.006145
0.002411
0.007279
-0.002593
0.011421
0.015412
-0.002562
0.008715
-0.002986
0.010212
0.010696
-0.010499
0.001308
-0.001398
0.010983
0.010862
-0.008080
0.001595
-0.009033
0.006463
-0.007476
-0.000038
-0.011951
-0.005284
-0.011331
0.010303
0.004996
0.005117
0.001534
-0.007506
-0.001897
0.007597
0.007128
0.010015
-0.010167
-0.002094
-0.011905
-0.006251
0.013583
-0.008489
0.009622
-0.011996
-0.002003
0.010318
0.015594
-0.008610
0.000597
-0.000884
0.003787
0.008111
0.006478
0.004331
-0.013659
0.000159
-0.008776
0.006145
0.014747
0.003288
0.008579
-0.002819
0.018179
-0.003757
-0.014793
0.007022
-0.004739
0.010877
0.013326
-0.000023
-0.014324
-0.007899
-0.001837
0.009758
-0.004770
-0.005238
0.005858
0.000355
0.005163
0.006357
-0.016365
0.012782
0.002290
0.005299
0.007899
-0.014369
0.001368
-0.011724
-0.014037
0.026191
-0.011512
-0.007869
-0.006236
-0.003031
0.001897
0.009244
-0.004074
0.005223
0.003727
0.011255
0.009335
0.008715
-0.003152
0.010771
0.007839
0.010771
-0.008050
-0.007506
0.003696
0.001958
-0.012238
0.001822
0.003863
0.014596
0.010968
-0.000612
0.005299
-0.019131
-0.008186
-0.004241
-0.005480
-0.011255
0.001671
-0.003409
0.005269
0.013190
0.004558
0.004906
0.004996
0.006463
0.009229
0.019540
0.008715
0.000370
-0.009955
-0.000869
-0.004618
0.006070
0.010152
0.017348
0.021626
-0.013689
-0.012827
-0.000265
-0.012994
0.012691
0.010046
-0.005117
-0.017453
-0.005858
0.014974
-0.006584
-0.002094
-0.008307
-0.007188
0.004014
0.013598
-0.004482
-0.014505
0.007370
0.004225
0.005798
0.002819
0.010560
0.009471
-0.005223
-0.014566
-0.015594
0.006463
-0.015654
0.007702
-0.013160
-0.011920
-0.004830
-0.000083
0.012434
0.007990
-0.014929
0.000567
-0.014868
-0.002185
0.005752
0.005132
0.009713
0.007385
-0.009532
0.006523
-0.006962
0.001232
-0.007385
-0.001595
0.014324
-0.004482
0.012313
-0.004180
-0.012449
-0.010545
0.006100
0.005949
0.001655
0.021853
-0.003046
0.013099
0.006145
0.006886
0.001655
-0.008761
-0.014929
0.002457
0.016138
0.004588
-0.018648
-0.010197
-0.001852
-0.023274
-0.010061
0.021354
-0.009365
-0.006705
0.000068
-0.013780
-0.005949
0.019525
-0.007990
-0.025330
-0.015926
-0.004785
0.005843
0.004981
-0.001988
0.006297
-0.002759
0.005934
-0.004044
-0.006206
0.000386
-0.001671
0.027688
0.000990
-0.024710
0.003500
0.002366
-0.004830
0.014460
-0.005586
-0.001807
-0.006176
-0.000053
0.003409
0.009638
0.018345
-0.020008
-0.003923
0.007566
-0.002230
0.010031
0.011089
-0.009471
-0.016531
-0.009244
-0.005707
-0.006130
0.005284
0.013024
-0.012979
-0.014384
-0.006009
-0.010983
-0.000280
0.008247
-0.015080
-0.012041
0.007642
-0.004891
0.001867
0.011119
0.015700
-0.006115
-0.002003
-0.003984
-0.014460
0.004044
0.000884
0.003545
0.000506
-0.019116
0.003318
-0.004845
-0.012071
0.006841
-0.001761
0.007687
0.005450
-0.011482
0.009955
-0.011890
0.001157
0.005843
0.000884
-0.006221
0.001625
0.015760
-0.004225
-0.016501
0.002880
-0.007990
-0.019993
-0.005284
-0.003107
0.007506
-0.000658
0.005253
-0.010091
0.001988
0.008957
-0.007914
-0.002457
-0.002956
-0.001897
-0.000643
0.014687
-0.003379
-0.021097
0.015836
-0.019887
0.000718
-0.008655
0.027371
0.014052
0.003470
0.002986
-0.003984
-0.003500
-0.011678
0.001519
0.007582
-0.000068
-0.022261
-0.005495
0.004739
0.000552
0.003923
-0.000265
0.016320
-0.016259
-0.017211
-0.005117
-0.005692
0.001882
0.012873
-0.006493
-0.016637
0.003968
0.003228
-0.014505
-0.009441
-0.004256
0.003318
-0.003666
0.014294
-0.004694
0.003379
-0.002064
0.002396
0.005132
0.009910
-0.009154
0.006523
0.021051
0.017136
0.016607
0.005284
0.006629
-0.024392
-0.007128
-0.008836
-0.021490
-0.010363
0.004770
-0.002305
-0.012979
-0.001172
0.002290
-0.018376
-0.025859
-0.006191
-0.003258
0.002668
0.004361
0.002562
-0.004573
0.008413
-0.004709
-0.008337
0.011678
0.000960
-0.009804
-0.001444
0.010152
0.012313
-0.010953
-0.002653
0.010167
-0.007325
0.011406
0.018164
-0.003364
0.009910
-0.007022
-0.003182
-0.000386
0.004860
0.009577
0.005193
0.001202
0.006765
-0.001126
0.010393
-0.009169
0.008625
0.000053
0.008368
-0.012782
0.007400
-0.001640
-0.003303
0.007113
-0.007294
0.010711
0.013115
0.015790
0.003364
-0.003122
0.013568
0.003878
-0.003711
-0.000597
0.005193
-0.007279
0.008216
0.013115
-0.002850
-0.012056
-0.000129
0.008262
0.006130
-0.002502
0.004089
0.013160
-0.010832
0.005465
0.002275
-0.012495
0.015821
-0.003545
-0.004482
-0.005208
-0.007763
-0.004618
-0.000401
-0.007325
-0.001761
-0.004286
-0.001323
0.008307
0.000748
0.000446
0.016440
0.000446
0.001973
-0.002865
-0.001897
0.004588
-0.002789
-0.009517
-0.002185
-0.008730
-0.000673
-0.000900
0.017680
0.000325
0.002608
0.003711
0.015488
-0.007279
0.001958
0.022276
0.006266
-0.007400
0.010061
0.008685
-0.008141
0.021565
0.001111
0.014808
-0.004618
-0.004830
-0.002608
0.014354
0.008005
0.014883
-0.002940
0.007098
-0.006538
-0.007642
0.015866
-0.008625
-0.003832
0.007340
0.006720
-0.000325
0.010741
-0.006554
0.007007
0.006599
-0.003908
-0.013145
0.022548
-0.014914
0.006176
-0.007052
-0.000023
0.007718
0.000431
-0.015276
-0.015307
0.027582
0.005072
-0.012313
-0.004498
0.005737
-0.003107
0.004210
0.007400
0.002502
-0.011195
-0.012162
-0.009244
0.004664
0.005359
0.003303
0.012737
0.013674
-0.002154
0.008398
-0.004573
0.002200
0.011648
0.002426
-0.017000
0.007188
0.006100
0.007340
-0.006312
0.008322
-0.003454
0.006176
0.000340
0.005692
0.013795
-0.010272
-0.001368
0.004467
0.016970
-0.020356
-0.004241
-0.013175
0.003485
-0.001686
-0.000627
-0.011210
-0.000355
-0.000748
-0.002774
-0.002487
0.000869
-0.017151
-0.005813
0.000703
0.002956
0.003999
-0.005405
0.006417
-0.001534
0.008791
0.014914
0.002956
0.004089
-0.005677
0.005903
-0.010303
0.009169
-0.010409
0.004316
-0.003424
-0.002865
-0.020734
-0.004286
0.000023
0.016577
-0.013493
0.011346
0.018693
0.008247
-0.007068
0.014173
-0.005510
-0.000673
0.002835
-0.009879
0.000401
-0.006977
0.020462
-0.006055
0.003107
0.003757
0.007627
0.000915
0.000567
-0.004074
-0.000537
0.013281
-0.011996
0.002865
-0.000204
0.001882
-0.008171
-0.002502
-0.001489
0.001277
0.009758
-0.002850
0.023153
-0.014732
0.009547
-0.006478
0.001474
0.001912
-0.011361
0.009834
0.001051
-0.009668
0.021172
-0.007612
0.004301
0.003288
0.025541
-0.001973
0.020855
-0.011830
-0.003787
0.006705
0.006795
0.004860
0.014339
-0.001293
0.001671
0.013417
0.013644
-0.002865
-0.021686
0.010348
0.016244
-0.012449
0.002064
0.005238
0.019237
0.000159
0.010877
-0.015488
-0.001051
0.003545
0.006871
-0.016622
0.000113
-0.004331
0.000763
0.004996
-0.018345
-0.000098
-0.005571
-0.008141
0.012238
0.006916
0.000325
0.005783
0.013523
-0.005979
-0.000476
-0.004044
-0.012555
0.004543
-0.009879
-0.010938
-0.016350
0.010303
-0.003258
0.000431
-0.007687
0.041521
0.012903
0.015896
0.009668
-0.003696
-0.001973
0.002442
0.000416
0.004165
0.017846
-0.000476
0.003409
0.004709
-0.006266
-0.001655
-0.013553
0.005042
-0.006387
-0.000325
0.000446
0.002200
0.007098
0.012328
-0.009501
-0.011497
0.001988
0.001867
-0.001293
0.018224
0.006236
-0.012132
0.010152
-0.015836
0.005541
-0.017151
-0.013674
-0.006387
-0.011996
-0.002472
0.001020
-0.002547
0.005934
-0.003590
0.004770
0.018285
-0.016622
-0.022714
0.016032
-0.009305
0.008519
-0.004331
-0.009758
-0.001232
-0.001489
0.004724
-0.015549
-0.014929
0.006720
-0.015851
-0.023773
0.004618
-0.017786
-0.011694
-0.001519
0.021248
-0.002971
-0.023621
0.004845
0.020084
0.011830
-0.010046
0.005873
0.001943
0.000219
-0.004770
0.015050
-0.000113
-0.011255
0.004044
-0.007748
-0.007430
-0.000975
-0.002532
-0.012827
0.000733
-0.000884
0.006448
0.004316
-0.001474
-0.008746
-0.016939
-0.000461
-0.006962
0.008428
-0.005102
0.002139
-0.006538
-0.004921
-0.013069
0.010182
-0.008443
-0.003968
-0.008216
-0.011482
-0.024135
-0.010862
0.007083
0.004951
0.000763
-0.006886
-0.005057
0.005208
0.000249
-0.001217
-0.000945
0.017862
0.001126
-0.009517
-0.003318
-0.002124
0.012419
0.000930
0.006811
-0.000340
-0.001746
0.002880
0.018497
0.011467
-0.000219
0.004165
-0.004981
0.008005
-0.001731
0.009048
0.004316
-0.002774
-0.003621
0.005994
-0.027235
0.001141
0.006463
-0.000854
-0.005888
-0.005208
0.003878
0.012691
-0.015080
-0.011482
-0.000779
0.001701
0.008776
-0.007204
0.005994
0.015866
0.000733
0.005586
0.008005
0.002185
-0.016259
-0.008957
0.005465
0.002910
-0.007037
0.000552
-0.003454
0.000763
0.002850
0.000688
0.009275
-0.001338
-0.004543
0.001217
0.000295
-0.010620
-0.000491
0.004225
-0.016486
0.023591
0.010514
0.015322
-0.003273
-0.010348
-0.003258
0.011633
0.001398
0.001172
-0.005752
-0.006145
-0.011799
0.015639
-0.005646
0.011195
-0.009290
0.001187
0.002638
0.008065
0.008957
0.008564
-0.000748
0.009169
0.006206
0.000113
0.008005
0.006327
-0.024287
-0.002895
0.010847
0.000386
0.000658
0.014369
-0.005828
0.009849
-0.002018
0.009486
0.012555
-0.003621
-0.001126
-0.008428
0.005707
-0.003968
0.007899
0.000552
0.000658
0.006962
-0.002532
-0.005269
-0.009925
0.000703
0.001746
-0.017136
0.008111
-0.003696
0.005269
-0.000900
0.010182
0.001051
-0.002411
0.014521
0.017211
-0.015896
-0.005556
-0.012827
0.002895
-0.028837
-0.001172
0.012918
-0.012752
-0.009320
0.013251
-0.000023
-0.013734
-0.007037
0.001202
-0.001020
-0.003258
0.013205
0.004679
0.009199
0.003727
0.005979
0.012313
-0.000068
0.010514
-0.003439
-0.005752
-0.000053
0.008005
0.012449
-0.008096
-0.002819
0.007854
-0.017922
-0.011860
-0.007007
0.019449
-0.011240
0.004256
-0.010771
-0.014823
0.005163
-0.016017
0.019268
0.005435
-0.000824
-0.007491
-0.011028
-0.012313
-0.001640
0.006690
0.011149
0.019449
0.012389
0.004407
0.018466
0.005193
-0.018330
-0.015745
-0.015231
-0.000779
0.010076
-0.005510
-0.002880
-0.002865
0.012827
-0.003727
0.006992
0.006554
0.010681
-0.007642
-0.008579
-0.006508
-0.001005
-0.013266
-0.005450
-0.007491
0.014475
0.002396
-0.005798
0.000854
-0.006115
0.018633
0.009758
-0.009290
-0.017363
-0.005934
0.001716
0.005420
0.003061
0.004860
0.017106
-0.002139
-0.017060
0.010605
-0.015624
0.003878
-0.003288
-0.002683
0.018557
0.000023
0.012842
0.003953
0.012767
0.004120
0.001807
-0.001867
-0.005193
0.003742
0.003832
-0.000960
-0.003107
0.005253
0.005374
0.009486
0.011255
0.003802
-0.005374
-0.008277
-0.004150
-0.000461
-0.000219
0.004906
-0.005117
0.004331
-0.004089
-0.009789
0.004603
-0.000370
-0.012797
0.000431
-0.009532
-0.019071
0.001036
-0.017665
0.010711
-0.022563
-0.001716
0.000506
0.004664
-0.000098
-0.009834
-0.009124
0.007461
0.006463
0.011467
-0.008337
0.001353
0.002457
-0.002729
-0.008897
0.013296
0.001126
0.009199
-0.012646
-0.005556
-0.013553
-0.004104
0.003636
0.000113
0.005435
-0.001414
-0.009411
-0.001036
-0.000113
-0.014143
-0.016032
0.000567
0.003500
-0.004331
0.004528
-0.012465
0.011860
-0.007551
-0.014082
0.000401
0.011618
0.007204
-0.007098
-0.011845
0.003515
-0.004331
0.000234
-0.019419
0.010121
-0.015397
0.003182
-0.005405
-0.001474
0.003893
0.008489
0.009229
0.005586
0.029638
-0.001928
-0.000219
0.002789
-0.014158
-0.005465
-0.014173
0.009774
0.016879
-0.018164
-0.037620
-0.037938
-0.014490
0.012782
0.007052
-0.012041
-0.014657
0.007264
0.003772
-0.007672
-0.004996
-0.006115
-0.005057
0.017121
0.001852
0.016425
0.004120
0.000537
-0.010167
0.005420
-0.015911
-0.003923
-0.011089
-0.009169
0.006251
-0.008458
-0.015412
0.012208
-0.008791
-0.003575
-0.005148
0.003908
-0.007823
0.005858
-0.015473
0.025632
0.007249
0.010152
0.021233
0.018239
0.000129
-0.014929
0.005450
0.020054
-0.003409
-0.001701
-0.000552
-0.008912
0.007098
-0.003439
0.006024
0.001852
-0.004104
0.004074
-0.010892
0.008670
-0.008292
-0.011799
0.007325
-0.007657
0.001973
0.005314
0.009501
-0.014687
-0.005163
0.012570
0.008126
-0.001973
0.008912
0.010681
0.004346
0.004739
0.000930
0.008111
-0.002683
0.007990
-0.009849
-0.014067
-0.008640
0.007037
0.001141
-0.013961
-0.004059
-0.000204
-0.012071
-0.001005
-0.000839
0.003802
-0.011966
-0.003273
-0.012616
0.002668
0.004906
-0.001111
0.007612
-0.002260
0.001746
-0.010061
0.004634
0.015775
0.000960
-0.008851
0.003152
-0.013281
-0.011497
-0.007551
-0.008685
-0.002638
-0.007718
0.000189
0.012661
0.006206
0.009607
-0.003243
0.020855
0.012298
0.002124
0.007839
0.000884
-0.001157
0.004437
-0.015881
-0.017589
-0.006614
-0.011180
0.004241
0.002457
0.009063
-0.011754
0.006040
0.009381
-0.002578
0.002396
-0.009698
0.012994
-0.003228
0.001172
0.012449
-0.011633
-0.004755
-0.001534
0.001368
-0.000990
0.007158
-0.011391
-0.005586
-0.003228
-0.000355
-0.006327
0.000839
0.012253
0.002714
0.003182
0.003923
-0.004830
0.007687
-0.003742
-0.009940
0.007763
0.004936
0.011845
0.002895
0.013220
-0.008564
-0.005646
-0.012283
0.006372
0.005193
0.001761
0.010439
-0.005783
0.014581
0.002169
0.009018
-0.001912
0.003167
0.010121
0.019766
0.006720
-0.013901
-0.008715
0.022790
-0.009486
-0.008746
0.000476
-0.012858
0.003152
-0.003197
-0.009562
0.021913
-0.017756
0.012797
0.004089
0.015639
-0.000370
-0.017529
-0.000234
-0.004165
0.009063
-0.002305
-0.001776
0.026479
-0.024695
-0.013780
0.000567
-0.002381
0.013810
-0.004830
-0.001066
0.001671
-0.016078
-0.000295
0.015715
0.000401
-0.008111
0.001020
-0.002079
-0.001958
-0.000476
-0.001066
0.016289
-0.008927
0.008549
0.012449
-0.013886
0.011104
0.005934
-0.007204
-0.015382
0.000295
-0.004195
0.019963
-0.006251
0.001822
-0.004875
0.011043
-0.003530
-0.009396
-0.003182
-0.007415
-0.004966
-0.004603
-0.002653
-0.001928
0.007899
0.008473
-0.003364
-0.006327
0.001277
-0.003923
-0.006780
0.022397
0.009139
-0.010121
0.000567
-0.001761
-0.004588
-0.007098
0.009108
0.018617
0.002457
-0.013855
-0.014626
-0.000779
-0.004059
-0.012767
-0.004891
-0.007839
-0.017589
-0.000053
0.000522
-0.012782
-0.017106
0.004906
0.005329
-0.015987
0.005692
-0.010953
-0.006297
0.006417
-0.000265
0.001580
-0.008715
-0.015231
-0.005571
-0.001610
-0.006947
-0.002653
0.017484
0.000265
-0.004316
0.001807
0.006463
0.009577
0.011149
-0.004241
0.010484
0.003787
0.010938
0.012963
-0.005541
-0.003454
-0.008821
-0.009396
-0.017453
-0.005813
0.002865
0.004150
0.018602
-0.006281
0.002169
-0.000446
0.011769
0.002623
0.002638
0.009713
0.012873
0.009305
-0.001247
0.008610
-0.004150
0.011573
-0.009335
-0.012253
-0.000295
0.016501
0.000990
0.004165
0.003651
0.002532
-0.000643
0.000068
-0.004407
-0.015428
-0.000174
0.007778
0.016123
-0.016002
0.010983
-0.005994
0.012132
0.018527
0.004059
0.004377
-0.000703
-0.009290
0.013024
-0.000325
0.017091
0.022442
-0.007733
-0.019192
-0.017620
-0.009184
-0.001005
0.003923
0.006266
-0.004755
-0.010182
0.013145
-0.017106
-0.011648
-0.016834
0.006448
-0.003757
-0.014853
-0.002744
-0.004800
0.004286
0.004210
0.005510
0.009728
0.009713
0.000809
0.006705
-0.001323
0.005087
-0.010681
0.016894
0.005223
-0.005374
-0.001111
0.005163
-0.010756
-0.004739
0.005269
-0.003787
0.007763
-0.000900
0.005767
-0.009033
0.004482
-0.012827
-0.008080
0.023304
0.004150
-0.004301
0.000370
-0.007823
-0.007340
-0.008836
-0.025299
0.024634
0.006569
0.003711
-0.005102
-0.002321
-0.001217
0.010771
-0.011618
0.007007
-0.000355
0.005465
-0.000386
-0.000612
-0.016652
0.005269
0.009411
0.007869
0.010469
0.017363
-0.002321
-0.010439
-0.003832
0.014415
-0.001066
-0.008746
-0.000234
0.009683
-0.002230
0.005072
-0.005919
0.008216
0.021671
-0.002033
-0.018315
0.001020
0.005223
0.008171
-0.013961
-0.001655
0.012722
0.009653
0.013387
-0.000567
-0.003107
0.001882
0.008277
0.007325
0.006720
0.008655
-0.001489
0.001837
0.002064
0.007627
0.011028
0.003621
0.002895
0.008201
0.000688
0.002396
-0.010152
-0.010242
0.002442
0.005692
0.014112
0.000900
0.004709
-0.006871
0.000083
0.005813
-0.005042
-0.007672
0.004407
-0.021565
0.001640
0.010605
-0.006523
0.000370
0.000491
-0.000265
-0.004770
-0.000476
0.015412
0.007929
0.010061
-0.002245
-0.001157
0.001005
-0.007400
-0.020432
0.001081
-0.004770
-0.004301
0.008610
0.001882
0.009365
-0.023092
-0.005677
0.015866
0.001459
0.002260
-0.001323
0.003092
-0.007702
0.002789
-0.007990
0.002789
-0.000159
0.013205
-0.015533
-0.008171
0.000219
-0.003515
0.002366
-0.015307
-0.011875
0.001489
0.006992
-0.025148
0.013009
-0.001852
-0.007899
0.020507
0.017227
0.010499
0.016713
0.027492
0.013810
-0.010409
-0.011285
-0.002699
-0.001837
0.004014
-0.017242
-0.000129
-0.010076
-0.001368
-0.001671
0.008821
0.004331
0.009290
-0.009396
-0.004664
0.010817
0.004679
-0.009184
-0.003590
0.000355
0.001172
-0.019328
-0.007839
0.008625
-0.016652
0.015171
-0.003001
0.008383
0.002109
0.014959
0.003893
0.020371
-0.003545
0.004256
-0.003424
0.001429
0.003197
-0.011890
-0.013266
0.007143
0.000627
-0.003258
-0.007052
0.017816
0.009199
-0.008972
-0.002956
0.010439
0.010106
-0.011059
-0.009713
0.006780
-0.009305
0.008927
0.002048
0.000098
0.013568
-0.005329
0.009501
-0.009849
-0.001534
-0.005269
-0.011180
0.002699
-0.006100
-0.006856
-0.000794
0.017332
0.000098
-0.003333
-0.001338
-0.006811
0.011799
-0.016123
-0.009970
0.004830
0.001157
-0.010560
0.005934
0.018466
0.002547
0.001187
-0.007642
0.007143
0.018874
-0.005692
-0.008625
0.010620
0.021490
0.000340
-0.011754
-0.014853
-0.017529
0.012374
0.002517
-0.006795
0.011316
-0.001897
0.006629
0.002971
0.006297
0.012071
-0.016954
0.014127
-0.017952
-0.006009
-0.004044
-0.001277
0.016879
-0.004437
-0.012465
0.004724
-0.001157
-0.006977
0.009426
0.010303
-0.015760
0.009365
-0.013568
-0.009093
0.000431
-0.007763
0.005541
0.010529
-0.007219
0.005117
-0.002487
-0.013356
0.019782
-0.001459
0.003772
0.011678
-0.001444
-0.002547
0.011784
0.001368
0.008610
0.000325
-0.012208
-0.011316
0.004588
0.000174
-0.017877
-0.003984
0.005102
0.006312
0.009849
-0.001353
0.015035
0.014082
-0.005299
0.002336
0.003001
-0.005178
0.007566
0.010802
-0.007506
0.001096
0.007143
0.001655
-0.003333
-0.005662
-0.004815
0.004875
0.002532
-0.010650
0.022971
-0.009305
-0.016244
-0.012661
0.004498
-0.010363
-0.028021
0.000673
0.015851
0.015050
0.013205
0.002079
-0.021943
-0.010061
-0.006448
-0.009456
0.003409
-0.016924
-0.003651
-0.015035
0.008942
0.009275
0.012177
-0.002275
0.005919
0.010877
-0.004150
-0.009003
-0.007415
0.007718
-0.003878
0.016078
-0.013341
0.007143
0.026358
0.028474
-0.012661
0.002850
0.003213
-0.015428
-0.001943
0.002109
-0.013886
0.004800
0.014309
0.010923
0.004830
-0.016577
-0.003046
0.010439
0.014566
0.028187
0.000597
-0.005510
-0.004664
-0.014974
-0.003666
0.000355
0.007959
0.010167
0.001565
-0.000537
0.003122
-0.005374
-0.002442
-0.014914
-0.003832
0.006176
-0.007823
0.014989
0.000763
-0.019026
0.022306
-0.017453
0.005616
-0.001912
0.009320
0.005631
0.010968
0.002956
0.014611
-0.009078
0.002290
-0.013538
0.010892
-0.008368
0.000204
0.016728
-0.012510
0.009789
-0.002048
0.006206
0.004694
0.011482
0.010666
0.004422
0.007718
0.001036
0.000068
-0.006357
-0.006191
0.011482
-0.012132
0.007551
0.005707
0.015201
-0.017136
0.008005
-0.000219
0.002169
0.008927
0.000340
0.000476
-0.006433
-0.006342
-0.000189
0.012918
-0.017121
0.017559
-0.001655
0.000008
0.007158
-0.002336
0.002956
0.003772
0.002018
-0.007491
0.002789
0.002275
0.014339
0.007128
0.000008
-0.010106
0.006992
0.007657
-0.017589
0.007702
0.004452
0.001867
-0.009381
-0.017030
0.002578
-0.011406
-0.002789
-0.017287
0.019751
0.012056
0.012888
0.003454
0.011376
0.009622
-0.009199
0.002578
-0.002048
-0.010242
-0.011966
-0.007476
0.011225
0.005737
0.019449
0.002668
-0.009124
0.004286
-0.007415
0.005465
-0.014823
0.011043
0.019691
0.010771
0.003817
-0.006508
0.010832
0.013629
-0.003878
-0.009078
0.012147
-0.007506
-0.014490
0.004029
0.001338
-0.015322
0.018738
0.007778
0.005646
-0.005556
0.024120
0.017574
-0.004467
-0.003923
-0.007068
0.005934
0.011210
-0.019479
-0.002321
0.020900
-0.003984
0.000779
0.002729
-0.004996
-0.003243
-0.007007
-0.037636
0.025299
-0.001277
0.002850
0.003197
-0.001550
-0.005435
-0.003802
0.007536
0.001928
0.014536
0.008927
-0.006115
-0.005783
-0.017786
0.001640
0.007551
-0.004875
-0.007657
0.003409
-0.008458
0.002578
0.009184
-0.004195
-0.000068
0.008292
0.003757
0.022593
-0.011754
0.008171
-0.007068
0.002139
-0.007884
-0.009093
0.000567
-0.002729
0.005299
-0.005888
0.007793
0.002502
-0.004059
0.008398
-0.002290
-0.012344
-0.006765
-0.009547
-0.002562
-0.008851
0.013734
0.014400
0.009592
-0.002562
0.010756
0.000325
0.002850
-0.000008
0.008867
-0.003061
-0.012011
-0.002487
-0.018406
0.012328
0.010393
0.001293
0.007430
-0.014233
-0.006690
-0.005813
0.019797
-0.000990
-0.000325
-0.002971
0.006871
0.011557
0.016758
-0.009381
-0.014762
0.009728
0.019751
-0.008201
0.004996
0.002290
0.007975
0.000779
0.007158
-0.006357
-0.001595
-0.014959
-0.011346
0.004498
0.038966
0.009592
0.002215
0.010409
0.004225
0.017363
0.001610
0.015276
0.000612
0.010318
0.008821
-0.002804
0.002154
-0.010152
0.006841
-0.012268
-0.028263
-0.004649
0.002064
0.011951
-0.000431
-0.002169
0.006856
0.008670
0.019676
-0.019449
0.008897
-0.007748
-0.008262
0.019540
0.004271
0.030288
0.030122
-0.027204
-0.034582
-0.030923
-0.000733
-0.009471
0.008912
0.016546
0.000280
-0.005253
-0.003500
0.005616
-0.020704
-0.001610
-0.005828
0.010212
-0.003711
-0.002940
-0.003545
-0.006191
-0.005843
0.000839
-0.012979
-0.004044
-0.009562
-0.006009
-0.007990
-0.004603
-0.005012
0.012676
0.019026
0.016108
-0.010076
-0.014037
-0.000643
-0.000113
-0.003333
-0.002623
-0.002366
-0.011512
-0.001610
-0.022548
0.012374
-0.008791
0.006100
0.004271
0.021958
0.007551
-0.002729
-0.006055
-0.000612
-0.011709
-0.011694
0.020054
0.003197
-0.011210
0.000159
-0.006705
-0.004392
-0.002381
0.009275
-0.006886
0.001020
0.006705
-0.008851
-0.007083
-0.000884
0.006251
0.015700
-0.006297
0.005465
-0.001368
-0.014233
0.003061
-0.010666
0.006145
-0.008005
-0.000522
0.011694
-0.013840
0.009305
-0.000204
0.001293
-0.003394
0.016697
0.004180
-0.000340
0.004089
0.018784
-0.000567
0.008972
0.004573
-0.014823
-0.000401
-0.006100
0.002336
-0.004966
-0.010968
-0.003847
-0.001005
0.001036
-0.012797
0.007158
0.004875
0.020870
-0.001595
0.005132
-0.014415
0.006251
-0.002925
-0.001686
0.000930
-0.013734
0.009562
-0.005510
-0.006070
-0.010424
0.002683
0.002109
0.010877
-0.000355
0.003908
0.004800
-0.007325
0.003878
0.000446
0.005042
-0.000219
-0.010257
0.005903
0.003560
0.002064
0.009093
-0.002033
0.000854
0.013946
-0.001504
-0.006176
0.007990
-0.001701
-0.009244
0.004180
-0.004815
0.004543
0.020371
-0.009275
0.007869
-0.006659
0.003681
0.002729
-0.006297
-0.006281
0.015458
0.022246
-0.014883
0.015503
0.011875
0.001761
-0.005148
-0.018164
-0.006841
-0.007612
0.003590
0.010923
0.008670
-0.005737
-0.005253
-0.003953
0.004014
-0.010529
-0.009517
0.009985
-0.006962
-0.021626
-0.011028
0.006115
0.000627
0.006795
0.001504
-0.005526
0.001580
-0.004739
-0.002865
-0.021006
-0.007340
0.014369
-0.010545
0.003863
0.006463
-0.002925
-0.004452
-0.000597
0.017952
0.008428
0.012404
-0.002517
0.002305
-0.016834
-0.003984
-0.003984
0.001912
0.001565
-0.009260
-0.003832
-0.006901
0.010953
-0.004770
-0.005465
0.014158
-0.013160
0.009728
0.006070
-0.011210
-0.016440
0.004286
0.020341
-0.005269
-0.000869
0.001172
-0.004074
-0.006705
-0.003016
0.014445
0.004679
-0.002880
-0.027749
-0.009381
0.001036
-0.000370
-0.000159
0.006554
-0.000643
0.009547
-0.004195
-0.006720
-0.021112
-0.006811
-0.017937
-0.015246
0.009985
0.000718
-0.000688
-0.002517
0.011285
0.003817
0.015412
0.021293
0.008307
-0.013674
-0.005253
0.014657
-0.013734
-0.006826
0.020205
-0.001126
0.011421
0.016047
0.000295
0.004785
0.007083
-0.001655
-0.015292
0.018421
-0.001459
-0.002623
-0.018481
0.009305
-0.011452
0.002819
-0.005813
-0.002411
-0.009426
0.004014
0.016728
0.009396
0.006160
0.000461
-0.011512
0.002638
-0.010000
-0.004709
-0.010061
0.016985
0.018481
0.006312
-0.001837
0.008685
0.013266
0.003953
-0.003742
0.000461
-0.009562
0.012162
-0.011255
0.015730
-0.002729
-0.008519
-0.000431
0.004120
0.004513
-0.001550
0.019207
-0.010560
0.003772
-0.007445
0.006916
0.002532
-0.016970
0.017892
0.014067
0.000491
0.009441
0.003303
-0.000703
0.007672
0.000597
0.011573
-0.015352
-0.002230
-0.003122
-0.007566
0.007325
-0.004346
-0.005903
0.008851
0.009335
-0.000552
-0.006130
0.005193
-0.001912
-0.005994
-0.009698
0.012223
0.003923
0.009683
-0.015140
0.002033
0.007128
0.009229
0.007249
0.009290
-0.007506
-0.006387
0.007158
-0.007582
-0.009607
-0.002018
0.006145
0.007188
-0.023833
0.014022
-0.013946
-0.012223
0.017756
0.012389
-0.001610
-0.005752
-0.008353
-0.000975
0.021006
0.001020
0.014309
-0.007476
0.013009
0.008428
0.012117
0.008156
0.015564
0.018905
0.001414
0.010121
-0.018663
0.023954
-0.008851
0.005057
-0.007022
0.000265
-0.003046
0.014914
-0.004180
0.014596
-0.000688
0.005964
0.014127
-0.009819
-0.017317
0.020779
-0.014430
-0.005087
-0.015186
0.008851
-0.014747
0.000809
-0.003122
0.001534
-0.013251
-0.002411
-0.007309
-0.006070
-0.009275
0.002411
0.006780
0.002245
-0.011709
0.011195
-0.003258
0.002971
-0.019902
-0.015216
0.007733
0.001187
0.008292
-0.000612
0.011981
0.020976
0.016123
-0.002593
0.002245
-0.011497
0.012812
-0.004467
0.000008
-0.017000
0.003122
-0.006599
-0.006795
-0.002699
-0.013447
-0.001640
-0.007808
0.002275
-0.010303
-0.000688
0.004150
0.012903
-0.001958
-0.016954
-0.011512
0.005919
-0.007385
0.008489
-0.011043
0.000008
-0.000476
-0.001686
0.003651
-0.004906
0.017998
-0.009154
0.010726
0.001383
0.010091
-0.017091
0.006947
0.005888
0.010892
-0.012087
-0.007582
0.011467
-0.018890
-0.007098
-0.005027
0.006085
0.010771
0.020885
-0.017620
-0.031452
0.030560
-0.005707
0.017136
-0.005253
0.010031
0.010424
0.018663
-0.001943
-0.000733
0.019373
0.011694
-0.012298
0.002940
-0.015685
-0.000204
-0.010348
0.014369
0.004558
-0.007672
-0.002200
-0.007763
0.009834
-0.005359
-0.000703
0.011648
-0.005601
-0.020930
-0.003364
-0.002547
-0.005843
0.010303
-0.004739
0.003863
0.003061
0.005102
0.008398
0.010650
-0.016924
-0.017680
-0.009033
-0.003787
0.007204
0.003213
0.004482
-0.013084
0.010272
-0.000295
0.008957
0.008065
0.019872
0.017242
-0.014747
0.012344
0.002608
-0.010348
0.004724
-0.013704
-0.006387
0.015322
0.006523
-0.015926
0.017635
-0.004649
-0.011557
-0.000068
-0.001187
0.001716
0.011316
-0.003727
0.006659
0.010257
-0.015745
0.009411
0.011648
-0.002547
-0.005571
0.009199
0.004875
-0.010832
-0.006070
0.013553
-0.004664
-0.004906
-0.000824
-0.007672
0.001262
-0.000854
0.009154
0.000386
0.014248
0.001262
0.001459
0.009683
-0.010363
-0.005677
0.008337
0.010545
0.008111
0.003560
0.014445
-0.000960
-0.001293
-0.008201
-0.004346
-0.007219
-0.002094
0.016244
0.009743
0.002986
-0.003228
0.003394
0.014732
-0.013281
-0.000234
-0.012963
0.010182
0.002744
-0.000129
0.012646
-0.019237
0.004165
0.005163
0.006674
-0.016561
-0.007340
0.007022
-0.006523
0.003454
0.000658
0.008005
0.006750
0.004377
0.000567
0.007718
-0.016652
-0.000930
-0.007400
-0.005994
-0.002290
-0.031271
-0.012419
0.006735
0.011694
0.001671
0.047553
-0.006327
-0.013009
0.012449
-0.002940
0.004104
0.008141
-0.012525
-0.005646
0.003590
-0.003575
-0.002956
-0.009305
0.004271
0.015080
-0.005148
0.005646
-0.003228
0.008458
0.009139
0.010288
-0.013644
-0.006221
-0.016063
0.008292
0.003802
-0.005828
0.012706
0.000975
0.023349
-0.001897
0.010499
0.019540
-0.000824
-0.013356
0.007158
0.004770
-0.000612
0.010711
0.005495
-0.003107
-0.009305
-0.004996
0.009199
0.006811
0.000491
0.007476
0.009895
-0.000809
0.010620
0.006024
-0.013765
-0.010136
0.009169
-0.025284
-0.009426
0.004906
0.002381
-0.018255
0.003318
0.002668
0.012419
0.005934
-0.003258
-0.010560
0.011028
-0.028731
0.001625
0.002154
0.009033
0.012328
0.002593
0.005813
0.013356
0.005510
0.008171
0.004800
0.003711
-0.003349
0.005420
-0.010560
0.011119
-0.003727
-0.015004
-0.000809
0.000597
-0.011225
0.003485
0.028036
-0.005012
0.005329
-0.002819
-0.002230
0.005677
-0.000219
0.004150
0.024740
0.005057
-0.001701
0.003560
0.002562
0.004044
-0.006387
0.005752
0.006433
-0.001141
0.003757
-0.001126
0.003893
0.001232
0.000113
0.015806
0.000416
0.005284
0.000900
-0.029321
-0.001247
-0.008413
-0.005072
-0.001262
0.004770
0.000643
-0.009743
0.006871
-0.012374
-0.022034
0.018043
0.006735
0.002502
0.004422
0.005510
-0.011467
-0.011618
0.013598
0.011769
-0.001565
0.001928
-0.008247
0.015821
-0.005556
0.000068
0.006448
-0.006962
-0.010907
-0.017484
0.009154
-0.008141
0.020023
0.007007
0.002608
-0.005707
0.000431
-0.008368
0.000597
-0.006463
0.006705
0.004830
-0.004694
0.012465
-0.000249
0.013175
-0.010288
0.012797
-0.003122
0.016047
-0.023425
0.015307
0.006297
0.007143
0.005994
0.020794
-0.009683
-0.011452
0.009093
-0.003092
0.008489
-0.000113
-0.001141
-0.016728
0.014279
0.025723
0.009834
0.006826
-0.000809
-0.026826
0.028716
-0.002578
-0.006901
0.002683
-0.006886
-0.019268
0.007975
-0.010726
-0.005389
-0.023047
0.001293
-0.003500
0.000310
-0.001081
-0.000809
0.000053
0.005510
0.013870
-0.017816
-0.002804
-0.002351
-0.000053
-0.001474
0.004407
-0.003016
0.005087
-0.003288
-0.008897
-0.024997
0.009018
0.008806
0.011149
-0.007325
0.008080
-0.007521
0.000718
-0.002910
0.033886
0.004316
0.007022
-0.010000
0.008337
0.001126
-0.015473
-0.008972
0.002472
-0.001655
0.003122
0.014097
0.000597
-0.005208
0.002472
0.010242
-0.001822
0.020144
-0.001655
-0.004981
0.001852
-0.009592
0.001232
-0.009244
0.019343
-0.002487
0.020779
0.001837
0.013024
-0.010771
-0.003938
-0.004815
-0.007007
-0.013069
-0.001776
-0.002895
-0.002366
-0.001202
-0.021656
-0.000900
-0.003636
0.000900
0.002865
-0.015095
0.013991
-0.001655
-0.006992
-0.002925
0.005148
0.004634
0.010953
0.012374
-0.018088
-0.006417
-0.002562
-0.008201
-0.011467
0.010923
0.006191
0.002774
0.001655
0.006584
0.006115
-0.009365
-0.001308
0.001852
0.009728
-0.008232
0.006735
-0.016168
0.011104
-0.014082
-0.009789
-0.002139
-0.011981
-0.016501
-0.000386
-0.000552
0.010953
0.006387
0.009622
-0.000340
-0.000280
0.015806
0.001671
0.014143
0.002865
0.002048
0.002986
-0.018194
-0.003847
-0.013795
0.003817
-0.005027
0.003666
0.011013
0.019555
-0.013568
0.005526
0.001716
-0.022140
-0.007612
-0.013296
-0.017544
0.006705
-0.018103
0.003001
0.006357
0.004664
-0.001202
-0.001187
0.001943
-0.002245
-0.020598
0.000703
0.005193
0.000491
-0.000491
-0.009350
0.022941
-0.011210
-0.010998
0.013039
-0.010152
0.006357
0.010015
0.001262
0.003802
0.009910
-0.008564
0.012434
-0.018345
-0.020477
-0.012873
0.008111
0.008564
0.000431
-0.001308
0.001293
0.002336
0.001217
-0.003908
0.006085
0.013523
0.010832
0.013402
-0.015473
0.008322
0.003092
0.008262
0.002759
0.016879
0.006055
0.002774
-0.003031
0.001293
-0.005223
0.003757
-0.006735
-0.002714
-0.014793
0.000038
-0.005435
-0.020039
0.014264
-0.001928
-0.005269
-0.010000
0.011890
0.007249
-0.007899
-0.002804
-0.005737
0.012268
-0.018194
0.005767
0.006251
-0.011376
0.005087
-0.003893
0.007975
0.017559
0.014173
-0.006977
0.013084
-0.012646
0.001519
-0.010454
0.008746
0.002699
-0.004377
-0.000068
0.003061
-0.013054
0.011437
0.021384
-0.012676
0.007672
-0.006191
-0.005571
0.019918
0.014082
-0.015715
0.014037
-0.010333
-0.007234
-0.010529
-0.002804
-0.001776
-0.004361
0.016758
-0.017000
0.001247
-0.002623
-0.011270
-0.005450
-0.006266
-0.000794
0.004618
0.006372
0.002547
0.012540
0.008670
-0.005919
-0.004830
0.002290
0.007204
-0.004891
0.017952
0.007370
-0.015609
-0.014143
0.002714
-0.011467
-0.003651
0.001897
-0.003046
-0.002714
-0.007612
-0.019147
0.003061
-0.002185
0.020749
-0.019585
-0.003182
0.001550
0.003621
0.007944
-0.014248
0.008005
0.002623
-0.002321
-0.004573
-0.005903
0.000869
0.017529
-0.010121
-0.002064
0.018300
-0.010953
-0.001489
0.001338
0.014279
0.013583
-0.003575
-0.001504
-0.021656
0.000386
0.005178
0.003530
-0.017922
0.006644
0.037106
-0.022896
0.012752
0.007521
-0.011089
0.002653
0.012056
0.010469
0.001293
0.004074
0.004755
0.004301
0.005359
0.003832
0.002653
-0.011270
-0.013870
-0.009577
0.000597
-0.000915
-0.001126
0.009562
0.003575
0.013583
0.003878
0.002986
0.001368
0.011376
-0.013341
0.009683
0.000733
-0.007219
-0.007128
-0.006977
-0.001202
0.011573
-0.006009
0.005042
0.000552
-0.015881
-0.010031
0.003787
-0.005465
-0.000053
-0.003621
0.017045
0.015337
-0.001474
-0.006070
-0.008368
0.009260
0.002139
-0.008972
-0.010771
0.001187
-0.009305
0.011074
-0.011255
-0.007702
0.004724
0.005163
-0.006297
-0.006009
-0.000068
0.000673
-0.014929
0.003152
0.008307
0.014898
-0.003545
0.017332
0.001882
0.007672
0.006312
0.001051
-0.007808
0.018738
0.009562
-0.011437
-0.002079
0.005269
-0.014324
-0.015851
-0.006130
-0.003923
-0.004709
0.011784
0.001565
-0.015428
0.007687
-0.001882
0.001791
0.006236
-0.006387
-0.004180
0.000386
0.014218
0.007309
-0.011527
0.013296
0.004225
0.022503
-0.005631
0.014808
-0.002910
0.001731
-0.002699
-0.004059
-0.004256
0.004498
-0.001126
0.003454
0.015261
-0.007748
0.012842
-0.001988
-0.004301
-0.005072
0.003923
-0.009093
-0.014536
-0.006312
-0.001731
0.001791
-0.001141
0.005042
0.005178
0.001081
-0.000552
-0.004558
-0.006130
-0.007400
-0.013281
-0.002668
-0.006417
-0.005843
0.018391
-0.007264
-0.000023
0.008322
-0.012298
-0.016864
0.010106
0.005435
0.004724
0.001519
0.012041
-0.018512
-0.000038
0.002033
-0.002124
-0.022367
0.007204
0.004286
-0.011512
-0.004286
0.001912
-0.007113
0.001550
0.000068
0.008504
-0.006705
-0.014400
-0.002502
0.006992
-0.007234
0.019645
0.009018
-0.001005
-0.000159
-0.016093
-0.002411
0.011542
-0.000703
0.014657
0.000068
-0.010862
-0.006977
-0.001958
0.000249
-0.009683
-0.002608
-0.010152
0.002714
0.021218
-0.009849
-0.022367
0.009426
0.005435
-0.005888
-0.000068
-0.022170
-0.007612
-0.007007
0.004845
-0.005858
-0.006478
-0.014883
-0.000038
-0.013508
-0.007022
-0.000295
-0.016667
-0.005631
0.006312
-0.006055
0.012994
-0.000189
-0.004785
-0.019343
-0.012449
0.007007
0.014475
0.001822
-0.032949
0.020794
-0.015836
0.013069
-0.000975
0.005178
0.002169
-0.007022
0.004482
0.005314
0.006523
-0.001232
0.002048
-0.003953
0.000340
0.011497
0.007098
-0.005132
-0.012676
-0.015080
-0.002457
-0.007778
0.008610
-0.004210
0.006070
0.005934
0.015836
-0.015518
0.023773
0.013523
-0.008836
0.009577
-0.000567
-0.008942
-0.012767
-0.009350
0.008080
-0.000280
0.006977
-0.011437
0.010983
-0.004966
-0.013190
-0.009774
0.013734
-0.016788
-0.001928
0.007068
0.006402
0.004437
-0.008504
0.002169
0.000249
0.018799
0.011104
-0.019525
0.019978
-0.004588
0.009199
-0.003575
0.017892
0.002562
-0.018769
0.002018
0.012071
-0.008322
0.008594
0.002683
0.010756
0.003651
-0.015942
0.001867
-0.017045
0.006281
0.002124
0.022095
0.000945
-0.000537
0.009864
-0.000854
0.009275
0.010288
0.006357
-0.002835
-0.004966
-0.003424
0.010711
-0.004392
0.021686
-0.007944
0.000643
0.004936
0.000884
0.002789
-0.003666
-0.007128
0.005798
0.002290
0.006251
-0.000144
-0.003318
0.015004
-0.000915
0.008005
-0.011482
-0.005556
0.009789
0.002623
-0.012873
0.003666
0.006569
0.016818
0.004346
-0.000446
-0.018754
-0.005193
-0.014067
-0.006992
0.003394
-0.018345
-0.010771
0.000053
0.000900
-0.002910
-0.010469
-0.015926
-0.002457
0.015760
0.009471
-0.010741
0.012359
0.003092
-0.011951
-0.011694
0.018315
-0.007279
0.008942
-0.006160
-0.000658
-0.004377
0.003288
-0.004694
0.014687
-0.001020
-0.000204
0.002260
-0.007309
0.004543
-0.013387
0.001519
-0.002759
-0.001534
0.004044
-0.007173
-0.002789
-0.000144
-0.009698
0.000658
0.000265
-0.002079
0.006191
0.005359
0.008428
-0.008247
0.000416
-0.009260
0.008610
-0.011013
-0.004089
0.005344
-0.009668
-0.009290
0.012434
0.008504
-0.001459
0.018859
0.007869
0.004256
-0.002472
-0.029094
0.000824
0.002336
0.003409
0.004588
-0.014384
0.015503
0.009471
-0.008640
0.006191
0.003076
0.005556
-0.008776
-0.012268
-0.003001
-0.014611
-0.018255
0.006765
-0.000461
-0.000310
-0.004422
-0.002789
-0.006962
-0.012419
0.001610
-0.007582
0.006584
-0.014641
0.005510
0.003787
0.011300
0.013750
0.001897
-0.008473
-0.000884
-0.001928
-0.009365
-0.010953
-0.002804
-0.024241
-0.003953
-0.020326
0.003197
0.000310
-0.006055
-0.013402
-0.002048
-0.008232
0.004588
-0.000461
-0.001020
0.011059
0.007128
-0.015231
0.013160
0.007022
0.003092
-0.001247
-0.006644
-0.006009
0.029971
0.002714
0.002442
-0.001338
-0.008262
0.006281
0.008307
0.004921
-0.014551
-0.000083
0.006312
0.015216
0.015216
0.001565
-0.019933
-0.003197
0.004588
-0.016410
0.004694
0.006629
0.003772
0.007068
-0.011663
0.005238
0.008806
-0.014082
-0.008625
0.009577
-0.016924
0.005299
0.001217
-0.001655
0.012782
0.004467
-0.001353
0.014369
0.014067
-0.000098
-0.005873
0.002426
0.013054
0.001852
-0.018890
-0.011089
-0.018769
0.016380
-0.007551
-0.009622
0.002472
-0.000219
0.008791
-0.009698
-0.003968
-0.002215
-0.007914
-0.009471
0.015760
-0.000340
-0.014883
-0.021278
0.006690
-0.005843
-0.007944
0.008005
0.000280
0.006160
0.008519
-0.012631
-0.019328
-0.006992
0.004513
-0.001822
0.009154
-0.021822
0.009093
-0.000023
0.003560
-0.011830
-0.003500
-0.021067
0.025874
0.003182
-0.002064
0.000083
-0.002442
-0.004694
0.003243
-0.006493
0.008216
0.000658
0.003107
0.008156
-0.005057
-0.004830
0.008746
-0.029684
-0.000249
0.001550
-0.003439
-0.008473
-0.026101
-0.001247
0.014143
0.002653
0.004543
0.007914
0.012842
0.000733
-0.006916
-0.005435
-0.001807
0.001550
-0.003394
0.003213
-0.002366
0.015730
-0.006856
-0.006145
0.012737
-0.010424
-0.009638
0.018693
-0.000189
0.019933
0.003878
0.010469
0.010439
-0.007612
0.002215
0.007808
-0.016561
-0.001852
0.002457
0.000794
-0.018602
-0.002683
-0.012404
0.005828
-0.001383
0.011678
-0.010167
0.003197
-0.010877
-0.004135
0.002638
-0.003575
-0.000612
0.008247
-0.013870
0.001141
0.007808
-0.010469
-0.007249
0.009622
0.011633
-0.001867
0.000038
-0.001822
-0.002819
-0.011074
0.000129
-0.024196
-0.008625
0.015473
-0.010091
0.014369
-0.003228
-0.010257
-0.008670
-0.000854
0.005057
0.011316
0.000839
-0.013493
-0.008277
-0.012510
-0.003439
-0.004543
0.017499
-0.003031
-0.013870
0.000763
-0.007627
0.027098
-0.002578
-0.003878
-0.005843
-0.004830
0.012525
-0.013825
-0.005646
-0.011497
0.003197
-0.002562
-0.008307
0.009501
-0.014188
-0.005571
0.006372
-0.017665
0.007733
0.000915
0.009214
0.000446
-0.001867
-0.008670
0.017831
-0.006160
-0.004755
0.006160
0.008746
0.002971
-0.010590
0.009985
0.015125
0.001852
0.008549
0.005586
0.007173
0.006780
-0.005193
-0.001625
-0.002245
0.003485
0.006916
0.016652
0.002638
-0.002668
0.008610
-0.005828
-0.008912
0.020462
-0.012102
0.018723
-0.001187
-0.001550
-0.007748
-0.029170
-0.003213
0.007702
0.007037
-0.005102
0.007309
0.003288
0.003984
-0.007521
-0.005828
0.005783
-0.004241
-0.014762
0.012994
-0.006221
0.007461
0.000098
-0.013069
0.010152
-0.000945
0.002986
0.009124
-0.003258
-0.011240
0.007793
0.005359
0.002532
-0.005223
-0.007234
-0.010862
0.018935
0.003364
-0.022049
-0.008292
0.014082
0.008897
0.015760
0.010000
0.003001
0.014339
-0.004180
-0.013220
-0.014490
0.002245
0.005541
0.015140
0.005193
0.007506
-0.000673
0.005178
0.022669
0.016622
-0.004467
0.016093
0.002048
-0.001595
-0.005012
-0.005586
0.002502
0.002336
0.002351
-0.010907
-0.007430
0.008126
0.016743
-0.002940
0.006478
0.012903
-0.011769
0.003318
0.004860
0.002139
0.001308
0.010106
-0.000023
0.014309
-0.009789
-0.002668
-0.012374
-0.003137
0.007098
0.005903
0.001096
-0.001111
0.003031
0.019237
-0.003288
0.015911
0.002562
0.003213
-0.001731
0.001036
-0.008957
-0.007536
0.003122
0.014173
-0.008216
-0.003046
-0.012419
0.009093
-0.006312
-0.001036
0.000718
-0.021112
-0.016093
0.002154
0.007733
0.012918
-0.006070
-0.013477
0.006463
-0.017559
0.007113
0.007702
0.003757
0.012616
-0.005193
0.004830
-0.004770
0.005132
0.010076
0.001232
-0.004422
-0.003681
0.000779
-0.010711
0.001157
-0.004074
0.020356
-0.010529
-0.008912
-0.007778
-0.011482
-0.026781
-0.000809
-0.004936
-0.009335
-0.001686
0.002986
0.012767
0.002971
0.004634
-0.016138
-0.013372
-0.001761
0.007612
0.008867
0.026176
0.005556
-0.000884
0.030364
0.003863
-0.014611
0.000718
0.002351
-0.008201
0.002154
0.014929
0.004770
0.015533
0.012858
-0.000295
0.007234
0.011376
0.000975
0.003213
-0.010484
0.003349
0.022805
0.018270
0.022729
-0.015609
-0.006765
-0.013644
-0.011452
0.001595
-0.018980
0.011180
-0.010802
-0.012722
-0.014808
-0.021656
0.016501
-0.008851
0.008912
0.010197
0.007415
0.001504
0.012389
0.020416
0.017816
0.002835
0.005450
-0.011951
-0.005646
0.018119
0.001353
0.017196
0.001595
-0.005389
-0.004709
0.016047
0.021762
0.002608
-0.008458
-0.003243
0.007188
-0.012147
-0.004906
0.003742
0.010348
0.008594
-0.013099
-0.000975
-0.010197
-0.005707
-0.009471
0.002623
0.013024
0.002200
0.007098
-0.006221
0.002593
0.002910
0.020023
-0.004301
0.008156
0.016758
-0.015987
0.016410
0.004996
-0.008398
-0.008262
-0.007854
0.013553
-0.019283
-0.006962
0.011527
0.006690
0.012404
-0.000113
-0.007944
-0.003530
-0.012071
0.008383
0.011240
-0.014732
-0.001671
0.001973
0.002185
-0.006554
0.002472
0.001066
0.004104
-0.002532
0.000265
0.005042
-0.010635
-0.003530
0.002532
0.000915
0.006947
-0.004241
-0.006055
-0.004830
0.007718
0.019056
-0.007839
-0.007854
-0.007733
-0.008443
0.001504
0.015261
-0.015866
0.002804
0.006614
0.011497
0.008594
-0.003953
0.001671
-0.011270
0.011134
-0.010363
0.007143
0.001595
-0.004377
0.003923
-0.013840
0.014521
-0.012933
-0.015412
-0.016183
0.011648
-0.018194
0.011542
0.016229
-0.013568
0.003802
-0.007944
-0.004966
0.023243
-0.016440
-0.006130
-0.009411
-0.001277
-0.007823
-0.011406
0.001504
-0.008564
-0.003333
0.013190
0.004059
-0.017544
-0.004241
-0.006387
0.001126
-0.005707
-0.008216
0.011467
0.004286
0.009229
-0.001368
0.001096
0.000204
-0.009335
0.007430
0.011920
0.012752
-0.007068
-0.009713
-0.007566
0.008549
0.003213
0.008625
0.005087
-0.006977
0.010242
-0.017771
0.007884
-0.003893
0.012661
-0.004981
-0.009396
0.011920
0.004316
-0.006040
-0.011920
-0.002305
-0.014324
0.001172
-0.005646
0.007158
-0.010424
0.016834
-0.016637
0.018648
-0.001126
-0.016063
0.014853
0.001837
0.014732
-0.002714
-0.019116
-0.005737
-0.006931
0.000446
0.004482
-0.000174
0.002593
0.006024
-0.003727
-0.002321
-0.015579
0.001111
0.001308
0.022729
0.004029
-0.005465
-0.010393
0.001534
-0.000627
-0.027461
-0.000129
-0.000733
0.009728
0.007037
0.003590
-0.003470
0.005571
-0.009683
0.010862
-0.009350
0.003802
0.007597
-0.003651
0.012616
0.003545
0.011300
0.008927
-0.025451
0.003213
0.004407
-0.003379
0.015911
0.003560
0.001776
0.011149
0.011210
-0.017892
-0.004286
-0.011603
0.000431
-0.005435
0.015972
0.009290
0.000023
0.007264
0.004573
0.007294
-0.007536
-0.009244
0.006115
-0.000416
-0.016607
-0.005919
-0.003470
-0.003515
0.010015
-0.026161
-0.007733
0.006644
-0.011074
0.003847
-0.002033
-0.002578
0.006130
-0.006765
-0.004195
-0.003273
0.008292
-0.013840
0.003182
-0.005541
0.014022
0.007808
-0.006297
0.003152
0.011754
-0.002789
0.016773
0.005072
0.000386
0.000839
0.003651
-0.000416
-0.006115
-0.010454
-0.000189
-0.001444
0.006614
-0.005722
-0.008428
-0.002850
0.011482
0.004845
0.010620
0.005798
0.004059
-0.011557
0.002169
0.003394
0.012268
-0.000416
0.014445
0.008458
0.004815
0.014309
0.000098
-0.004739
-0.017877
0.019782
0.010106
-0.004634
0.006478
0.009607
0.006024
-0.000884
-0.009562
0.001791
-0.000129
0.016577
0.011300
0.003575
0.007022
0.002124
-0.009003
-0.010953
-0.005042
-0.012192
-0.013341
-0.000129
-0.004755
-0.008292
-0.000295
0.016214
0.001928
-0.009048
0.002260
-0.012737
0.007234
-0.004180
-0.000249
-0.004225
0.000416
0.010424
-0.000552
-0.016546
0.001550
0.008111
0.012979
-0.000431
-0.006493
0.002593
-0.009653
-0.012767
-0.012948
-0.016304
-0.008337
0.006599
-0.005012
0.005979
-0.013326
0.009698
-0.004346
-0.008746
-0.000960
0.011905
-0.001807
-0.008065
0.008035
-0.000340
-0.012706
0.007007
-0.005692
0.002200
-0.008564
0.003303
0.009940
0.009758
0.003832
-0.017589
0.009033
0.007325
-0.010741
0.000204
-0.002487
-0.005465
-0.004210
-0.009970
0.013356
0.005299
-0.009955
-0.006569
0.002260
0.010832
0.009260
-0.002925
0.002608
0.002381
-0.015669
-0.001534
0.006856
-0.012812
-0.000249
0.006055
-0.014747
0.001761
0.000794
0.003303
-0.016788
0.003061
0.009033
0.005949
-0.009501
0.012480
0.002562
-0.010545
0.009260
-0.005057
-0.006009
0.005828
-0.012691
0.004966
0.004679
0.001081
-0.000234
0.001580
-0.000068
0.011149
0.016834
-0.002472
-0.004875
-0.003500
-0.013568
-0.010167
-0.002426
-0.007355
-0.005163
0.010862
0.012480
0.015201
0.003364
-0.010242
0.002925
-0.000522
-0.009260
0.006342
-0.006750
0.010696
-0.005435
-0.001776
0.007204
0.014717
-0.024725
0.005707
0.011089
0.001444
0.005631
0.005616
0.012238
0.022790
-0.004135
-0.002744
-0.005979
-0.006024
-0.008096
-0.011270
0.007582
0.005087
0.001958
-0.005163
-0.004951
0.005314
0.016108
0.005510
0.006236
-0.015201
-0.022986
0.010046
-0.006916
0.005208
-0.003243
-0.007687
-0.015216
-0.023319
-0.018360
-0.001398
0.016818
0.009592
0.000476
-0.013039
0.003817
-0.002532
-0.003364
-0.004891
-0.011361
0.003318
-0.025284
0.013160
0.006266
-0.005238
-0.008579
0.008171
0.001459
0.003046
0.002396
0.012661
0.014944
-0.020885
-0.002336
-0.005903
0.000083
-0.005238
-0.003575
0.009547
-0.003560
0.008156
-0.023017
0.010424
0.005616
0.005783
0.005979
0.015428
0.015745
-0.003817
0.009607
0.016954
0.010635
0.010802
-0.003711
-0.007249
0.014007
0.001882
-0.011285
0.011104
-0.014248
0.002064
0.015171
-0.009214
-0.009078
0.004936
0.004361
-0.002578
-0.010348
0.001746
0.004014
-0.021097
-0.006538
0.005979
-0.015503
0.003333
0.013553
-0.004966
0.016244
-0.006433
0.001897
0.005148
-0.005903
-0.018905
-0.006040
0.003318
0.010802
0.000113
0.002411
-0.000627
0.015322
-0.001655
0.004346
-0.004860
0.008383
0.007294
-0.018512
-0.012737
0.008337
-0.006674
0.012087
-0.032118
-0.008700
0.009154
-0.001202
0.005344
-0.015957
0.006523
0.003409
0.014082
-0.014974
0.013296
-0.004664
-0.013069
0.013538
-0.001928
0.002487
-0.005495
0.003711
0.013054
-0.010409
-0.016274
0.006040
0.000265
-0.019993
-0.001504
-0.009910
-0.000763
-0.011633
0.000794
0.000219
0.005526
-0.001398
-0.019479
0.010907
0.000975
-0.007158
0.004316
0.013946
-0.001655
-0.009622
-0.017393
0.000658
-0.005601
0.000915
0.012782
0.017348
-0.001550
-0.015760
0.004845
0.004966
0.004936
0.006569
-0.003651
-0.002018
0.005495
-0.015488
0.007839
-0.007672
-0.016274
-0.003923
-0.009154
-0.005238
-0.003303
0.022457
-0.009048
0.014127
-0.008398
0.015639
-0.003439
-0.007657
-0.013175
0.004316
-0.003273
0.004210
0.018905
-0.009124
0.000129
0.000491
-0.004498
-0.004543
-0.001111
-0.010303
0.012298
-0.006659
0.000144
0.009108
-0.004558
-0.002729
-0.002819
0.010545
-0.026101
-0.011754
0.012480
-0.002699
0.007355
0.004104
-0.004165
-0.011285
0.012737
0.011406
-0.007083
-0.002094
0.000386
0.002910
0.009139
0.010152
0.001368
0.001096
0.007294
0.007657
-0.013840
-0.003379
0.000824
0.003923
0.017756
-0.014233
0.001807
-0.004528
0.003984
0.000854
-0.005072
-0.011134
0.009305
-0.010318
0.028474
-0.038361
-0.010892
0.005193
0.007309
-0.003863
0.000008
-0.004830
-0.007370
0.010152
0.018980
-0.000023
-0.002502
0.006931
0.002124
0.001051
0.008035
0.015201
0.001429
-0.007990
0.009335
0.005269
0.008730
0.004407
-0.013356
-0.025798
-0.019509
0.006251
-0.007037
0.002003
-0.005646
-0.010000
0.005072
-0.008625
-0.007491
-0.004165
0.005238
-0.006750
0.007854
-0.006070
-0.016713
0.007052
0.014732
-0.017091
0.005631
-0.006992
-0.000129
0.011935
-0.001534
-0.005238
0.000340
-0.001701
0.003847
0.014505
0.004845
-0.002305
-0.001308
-0.008111
-0.018421
0.006387
-0.003968
-0.000068
-0.018179
0.008927
0.008806
0.010136
-0.015110
0.019721
0.020704
0.015322
0.000673
0.011089
0.000597
-0.014823
0.001595
0.025375
0.000673
-0.001066
-0.008171
-0.011542
0.004225
-0.001020
-0.003122
-0.002759
-0.006780
0.000098
0.011996
-0.001580
-0.008383
-0.010091
0.009290
-0.001565
0.007143
0.008640
-0.019993
-0.010136
0.007128
-0.012389
-0.006841
-0.006040
-0.000325
0.001277
0.020265
-0.013644
-0.007234
0.011830
-0.011270
0.013251
0.013220
0.007899
-0.003470
0.014067
0.000219
-0.010257
0.006614
0.003651
-0.010272
0.011255
-0.007113
0.004482
-0.001928
0.003107
-0.007158
0.002472
-0.008186
-0.001308
0.003273
0.009411
-0.013704
0.005541
0.003303
0.003984
0.002336
-0.007839
-0.009879
-0.015987
0.018391
-0.008322
-0.024075
-0.001353
-0.012646
-0.003878
0.003847
-0.002880
0.004800
-0.007309
0.004074
-0.002003
0.002079
-0.008594
0.000567
-0.004996
-0.008594
-0.009758
-0.012026
-0.014430
0.005253
-0.007234
-0.012963
-0.006009
-0.004588
0.004906
0.008640
0.018663
-0.003575
-0.004120
-0.001655
0.004800
0.007536
0.003711
0.013069
0.011059
0.017786
-0.004679
0.004392
-0.011180
0.006720
0.002532
-0.006523
0.009350
-0.013765
-0.012268
0.021263
0.032662
-0.025677
0.022231
-0.002185
0.008443
0.004301
-0.009184
0.007279
0.011452
-0.024665
-0.010454
-0.008897
0.001232
0.001761
-0.013099
-0.002895
0.008821
-0.003122
0.008685
0.003878
-0.000748
-0.002033
0.014989
0.002169
-0.006826
0.001474
-0.011709
0.000023
0.029034
0.025526
0.006735
-0.010409
-0.002305
-0.007975
0.012223
0.007748
-0.001096
0.021792
-0.003515
0.023380
0.012812
-0.009229
0.001943
0.002865
-0.003470
0.000174
0.009169
-0.021218
0.012585
-0.002956
-0.001459
0.005465
-0.009622
0.011119
0.003878
-0.003666
0.008912
0.000884
0.003485
0.009653
0.002789
0.013538
0.008080
-0.004906
0.003953
0.001414
0.005903
0.020099
0.005707
0.020054
-0.007476
0.023017
0.004921
-0.005722
-0.004845
0.005934
0.009335
0.002744
0.013689
-0.005253
-0.002774
-0.000023
-0.003681
0.015397
-0.003938
-0.009562
-0.006538
0.004135
-0.002729
-0.003787
-0.000295
0.012238
0.001686
0.009139
0.000658
0.018995
-0.003228
0.000718
0.012616
0.006130
0.006508
-0.018088
0.018527
0.002154
0.000839
-0.014324
-0.004331
0.000673
0.003076
0.001640
-0.002472
-0.004875
0.000567
0.014853
-0.005072
0.017710
0.006130
-0.004528
0.014415
0.002411
0.006538
-0.010031
0.000144
-0.022488
-0.002956
0.016682
0.004180
0.026433
0.008625
0.011059
-0.011512
-0.006100
0.009728
-0.002759
0.000794
-0.007763
0.000234
-0.014657
-0.009864
-0.014007
-0.009456
0.008700
0.004634
0.007793
0.002048
0.011043
-0.004210
0.013115
-0.010983
0.002623
-0.007884
-0.001020
0.001519
0.012283
-0.012948
0.017922
-0.009653
0.001807
0.005329
-0.009925
-0.007083
-0.010605
-0.021444
-0.008972
-0.020613
0.011935
-0.007415
0.024755
0.000340
0.010136
-0.013462
-0.008972
-0.000008
0.016788
-0.002003
0.000915
-0.004014
0.002442
0.004770
0.008065
0.002653
-0.001867
-0.005087
0.013991
0.011603
-0.001489
-0.000113
-0.005027
0.018255
-0.019736
0.004422
0.023757
0.004528
-0.008594
-0.017589
0.001157
-0.003742
-0.002593
0.010015
0.012026
-0.006523
0.007687
0.015201
0.005102
0.005526
-0.003847
-0.003243
-0.007914
0.001519
0.010212
-0.003046
-0.000038
-0.009154
-0.000703
-0.010257
0.007718
-0.010303
0.011724
0.003606
0.007990
-0.009864
0.009244
-0.002094
-0.004603
-0.000597
-0.014188
-0.011784
0.004981
0.001731
-0.012344
0.001731
-0.003515
0.006826
-0.002517
0.006251
-0.016304
-0.007264
-0.003953
0.005783
0.020779
-0.008292
-0.000673
-0.003772
-0.004452
0.006569
0.002094
0.009441
-0.007294
-0.002562
0.001141
0.011557
0.006281
0.008292
0.010650
-0.004618
0.007808
0.009683
-0.002018
0.009698
0.011557
-0.006085
0.007279
0.005949
0.004966
0.005027
0.002547
-0.019131
0.002925
0.009396
0.004724
-0.016849
0.002835
0.001293
0.002457
-0.000068
-0.001262
-0.012465
-0.003772
0.016954
0.004906
0.001701
-0.007491
-0.003847
-0.021565
-0.000703
-0.009275
0.002139
0.004361
-0.012842
-0.004875
0.010257
0.013190
0.004618
0.008625
-0.000794
0.011119
0.011089
0.000098
-0.002547
-0.004241
-0.011043
-0.008126
-0.008972
-0.007325
-0.013387
-0.009592
-0.004377
0.004845
0.018572
0.009320
0.018874
0.017574
-0.010257
0.001519
0.009078
-0.011951
-0.001640
-0.002321
0.010499
-0.007506
-0.008126
-0.012298
-0.008761
-0.002850
0.003832
0.015035
-0.005253
-0.007461
-0.000748
-0.011210
-0.003273
-0.007385
-0.000763
-0.000612
-0.000854
-0.008458
0.003409
-0.004256
-0.011421
0.006387
-0.009804
0.007476
0.018224
0.012208
0.008564
-0.000083
0.008171
-0.003303
0.013553
0.007113
-0.026161
-0.008610
0.000159
-0.021308
0.002774
0.018980
-0.011935
0.001943
-0.001232
-0.013432
-0.007793
-0.013311
-0.018315
0.022805
-0.015171
0.006644
-0.008080
-0.007188
0.004210
-0.001837
0.007959
-0.014521
0.004785
-0.011905
-0.001655
0.007491
-0.003424
-0.003213
-0.008882
-0.013387
-0.001928
0.002729
-0.002124
-0.001595
0.007098
0.001187
-0.000370
0.013568
-0.015186
-0.006992
0.001565
0.003439
0.002653
-0.015564
0.011134
-0.009728
0.005767
-0.005329
0.001807
0.009124
0.002835
-0.006160
0.015110
0.004361
0.007188
-0.002532
-0.003923
-0.005012
-0.001882
-0.002230
0.013644
0.003908
-0.017091
-0.002139
0.016002
-0.005027
0.001867
0.000083
0.002442
-0.004044
0.001429
0.002275
-0.005314
0.002819
0.002245
-0.008186
0.003213
0.009154
-0.002351
0.003666
-0.003727
0.008549
0.003001
0.006977
-0.005783
0.014883
-0.008670
-0.001202
-0.021686
0.024831
-0.008655
0.003787
-0.008851
0.010272
-0.006145
0.012283
0.012737
0.002018
0.000491
-0.001353
0.005919
0.004951
-0.000809
0.014914
-0.002336
0.009411
-0.010333
0.004573
-0.031498
0.000310
-0.008700
-0.013780
0.005102
-0.014415
-0.022941
-0.006342
0.006372
0.005117
0.004800
0.008534
0.003500
0.010000
0.016108
0.039661
-0.005178
-0.012842
0.003243
-0.006977
-0.007279
0.013099
0.006115
0.003485
0.001247
0.012117
0.021021
0.017408
-0.000083
0.002472
0.001489
0.010076
0.000386
-0.010152
0.003727
0.002714
0.008867
0.002638
0.004059
0.005677
-0.005057
-0.004936
0.006297
0.004437
-0.017650
0.003318
0.019691
0.008216
-0.004634
-0.007143
0.007264
0.002351
0.015564
-0.005646
-0.008096
0.003984
-0.011089
-0.023213
-0.007294
0.004346
-0.002305
0.003001
-0.006629
-0.000915
-0.003258
0.001126
0.007763
0.001655
0.004513
0.012041
0.014203
0.009381
0.008836
-0.015125
-0.012041
0.006236
-0.012449
0.012359
0.009124
-0.006916
-0.003696
0.014793
0.005223
-0.005767
0.004150
0.009774
-0.009048
-0.013810
-0.007461
0.014369
0.009441
-0.007400
0.007899
-0.017438
0.010711
-0.004195
0.004996
0.002200
0.008141
-0.000854
-0.007264
-0.008700
0.014173
-0.008897
0.008186
-0.012389
0.002321
-0.007884
0.001882
0.013190
0.017393
-0.006297
-0.006508
-0.002245
0.003001
0.001429
-0.010469
-0.002623
-0.002079
-0.025980
0.001746
0.036230
0.006916
-0.005767
0.001504
0.007128
-0.009441
0.009849
0.012858
-0.035579
-0.001867
-0.009169
-0.019011
0.001519
-0.018330
0.003182
0.015624
-0.011225
-0.003076
0.016516
-0.000083
0.006750
0.004981
0.003228
-0.008353
0.001368
-0.004286
0.001701
0.011784
-0.007536
-0.010378
0.001066
0.001005
-0.012646
0.000809
-0.001822
-0.015035
-0.012933
-0.000249
-0.008806
0.018330
-0.001036
-0.001277
-0.006206
-0.002789
-0.023017
-0.009093
0.015730
-0.002442
-0.000023
0.000869
-0.005465
-0.000461
-0.000144
0.006463
0.007325
-0.011799
0.002230
0.001519
-0.011028
-0.012071
-0.007612
0.007309
-0.004694
0.009018
0.001414
0.024030
-0.005646
0.002895
0.009018
-0.012359
0.002124
-0.005405
-0.002366
-0.000975
-0.011285
0.010575
0.005389
0.003984
0.019978
0.007506
-0.023561
-0.016486
-0.016592
-0.014747
-0.014158
-0.004875
-0.009486
0.004603
-0.007083
0.002260
-0.025012
-0.008504
-0.008610
-0.005903
0.003364
0.020114
-0.009184
0.021807
0.003651
-0.013840
0.008201
0.007234
0.020084
0.007309
-0.016153
0.026584
-0.002910
0.006856
0.016380
0.003560
-0.001338
-0.003530
0.014566
0.001943
-0.002895
-0.008897
0.008186
0.011784
-0.000552
-0.003696
0.017605
0.011013
-0.006251
-0.007718
-0.001928
0.018693
0.011421
-0.008322
-0.009033
-0.015745
-0.008504
0.003137
-0.001882
-0.018406
-0.006266
-0.015760
0.003485
0.003031
0.015140
0.013613
0.007990
-0.003273
0.013326
0.013402
0.002517
-0.000219
0.011240
0.011013
0.007309
0.013598
-0.007657
0.005526
0.005420
-0.011270
-0.019419
0.002200
-0.011905
-0.001852
-0.006387
0.000688
-0.001822
-0.010892
0.006554
-0.005420
-0.006795
0.006508
-0.022866
-0.016047
0.010393
0.028036
-0.006947
0.025269
-0.026962
0.010031
0.017892
0.004014
0.011845
-0.005949
0.005208
0.004286
0.002623
0.001489
0.004195
0.012555
0.004936
-0.016304
0.001051
-0.003424
0.011300
-0.000461
-0.005586
0.007022
0.012495
0.017287
-0.007672
-0.004634
0.002351
-0.020855
0.020734
0.018512
-0.004618
-0.003968
0.000763
-0.007279
0.003046
0.011709
0.000960
-0.004452
0.006901
0.004225
-0.014218
0.010892
0.005163
-0.008383
-0.011860
-0.009184
0.006584
0.020810
-0.004225
0.013825
-0.011074
0.000355
0.008020
0.000612
0.012979
0.008035
-0.007007
0.001353
0.009260
0.003681
0.000144
-0.005148
0.006735
-0.011467
0.000915
-0.004649
0.003999
0.011814
-0.003923
-0.017816
-0.006130
0.007022
-0.012419
-0.000779
-0.003379
0.005813
-0.007098
0.006402
0.005389
-0.007823
0.005087
-0.000779
0.004482
0.009441
-0.001928
-0.011739
0.002532
-0.003908
-0.008413
0.001323
0.013462
0.020628
-0.012812
-0.011316
0.009169
-0.010061
0.028247
-0.024030
-0.009486
0.003893
-0.003696
-0.000038
-0.002789
0.028036
-0.010756
0.009199
-0.015533
0.003470
-0.007294
0.003696
-0.002396
-0.008065
-0.004770
0.009895
-0.006387
-0.002986
0.005692
0.001262
-0.008216
0.015171
-0.015050
-0.001398
0.005012
-0.012797
0.005012
-0.008216
0.000310
0.006690
-0.009078
0.011557
-0.017514
-0.001595
-0.002653
-0.014687
-0.004331
0.000809
0.002124
0.019691
-0.024332
-0.025133
-0.028429
-0.014808
-0.010620
-0.001383
0.010666
-0.021172
0.001202
-0.014838
-0.006886
-0.019388
0.013099
0.013039
0.004603
-0.007491
0.000129
0.009199
0.015004
0.018224
0.016637
-0.006992
-0.014430
0.000869
0.001701
-0.002865
-0.009199
0.022427
-0.015579
0.014022
-0.015473
0.005949
0.001081
0.000068
-0.009925
-0.011331
0.013961
0.013916
-0.002562
0.006145
-0.002593
0.001701
0.007778
0.001519
0.003076
-0.014082
-0.002880
0.005420
0.000960
-0.004180
0.001308
-0.001882
-0.003832
0.006024
-0.009849
-0.008398
0.006871
-0.023531
-0.004951
-0.010318
0.013568
0.002472
-0.005994
-0.009758
0.001671
0.016425
0.001232
-0.001912
0.001277
-0.006690
0.000809
-0.009668
-0.014384
-0.004739
0.002608
-0.007370
0.009517
-0.000688
-0.013613
-0.000083
-0.011452
0.014626
0.002850
0.019147
0.011482
-0.010288
-0.013598
-0.007068
0.015972
0.001928
-0.009607
-0.011089
-0.015866
0.008035
0.001262
-0.005042
0.006931
0.000159
0.016849
0.008216
-0.001353
0.016304
0.013311
0.004241
-0.003590
-0.014914
-0.005510
0.006357
0.004528
-0.009033
-0.003182
-0.005813
0.015624
0.016577
-0.007521
-0.018542
0.020099
-0.001928
-0.012268
0.000915
-0.002260
0.008730
0.005662
-0.000189
-0.003364
0.002457
0.010378
-0.000703
-0.022533
-0.004165
-0.001595
0.005072
-0.007899
0.017091
0.017106
-0.007022
0.006992
-0.005813
0.010953
-0.024528
-0.004331
0.007007
0.004392
-0.004739
-0.003424
0.006644
0.000582
0.009139
-0.015352
0.006523
0.012328
-0.018723
-0.004498
-0.004286
0.006448
-0.000325
0.004422
-0.009577
-0.003016
0.008050
-0.003167
0.005359
-0.007884
0.008262
-0.000249
0.011618
0.000824
-0.014778
-0.015488
0.016335
0.010091
0.005677
0.006947
0.012812
-0.006508
0.017363
0.010015
-0.003288
0.008398
0.008247
0.001353
-0.010666
0.005677
0.014672
0.001610
0.007748
-0.002003
-0.021444
0.005329
-0.006871
0.014052
-0.012510
0.013976
-0.013190
-0.003394
0.005919
0.006569
-0.024166
-0.003273
0.009320
-0.014536
0.002305
0.006251
0.002033
0.004770
-0.003590
0.018058
0.009078
0.012071
0.004135
-0.009124
0.014611
0.002623
0.000068
-0.000491
-0.001308
-0.017363
0.007823
0.012480
-0.002865
-0.005102
-0.008851
0.005087
-0.000703
0.006629
0.001595
-0.012192
-0.000884
0.001383
-0.007657
-0.006206
0.002653
-0.016592
-0.001776
0.014082
-0.012858
0.009653
0.002185
-0.009320
0.006584
0.003470
-0.001912
-0.009108
0.010590
0.004875
0.006795
0.012858
-0.008353
-0.030696
-0.011754
-0.011482
-0.004770
0.008610
0.010998
0.013780
-0.001550
-0.003666
-0.000960
-0.012056
0.019404
0.002608
0.002729
-0.002396
-0.005662
0.011512
0.009275
0.002774
-0.004649
0.006931
0.009063
-0.002305
-0.004029
0.018209
0.006342
0.001172
0.004377
-0.017378
-0.012238
-0.008458
-0.004059
0.001807
-0.011769
-0.002547
-0.008005
0.001474
-0.023289
-0.000174
0.006266
0.003303
-0.010499
-0.013659
0.009486
0.018784
0.003182
-0.006463
-0.003333
-0.009940
-0.007385
-0.004014
0.002653
-0.003318
0.001716
0.000990
-0.001897
0.007672
-0.013220
0.000582
-0.009124
0.005919
0.014914
-0.013870
0.009411
0.012283
-0.005102
0.006085
0.002442
-0.009199
0.005646
0.000763
-0.001066
-0.007884
-0.013780
0.010877
-0.002895
-0.021777
-0.011663
0.005752
-0.017393
0.004785
0.004875
0.006009
-0.001323
-0.018995
0.017121
-0.003590
-0.014521
-0.011754
0.003424
0.008579
0.004996
0.005783
0.016486
0.002683
-0.001051
0.004694
-0.005012
0.014657
0.010091
-0.002426
-0.001807
0.002290
-0.007748
-0.005707
0.007340
-0.001414
-0.003031
-0.007687
-0.008171
0.010439
0.010514
-0.024922
0.001595
0.004649
-0.012994
0.008625
0.014067
0.016440
-0.006433
0.013689
-0.007128
0.012192
0.022064
0.009139
0.002048
0.010923
-0.018330
-0.005752
0.000219
-0.002472
0.013583
0.008579
-0.002759
-0.013175
0.001126
0.005208
-0.005783
-0.006750
0.001157
-0.008579
0.001444
-0.004256
-0.003333
-0.005646
0.007279
-0.010378
-0.011557
-0.001398
-0.005087
-0.001565
0.007612
0.010620
0.003772
-0.016788
-0.000491
0.017680
0.015896
-0.005465
-0.001746
-0.006145
0.008730
-0.022336
-0.015382
0.001943
-0.003409
-0.013961
-0.001081
0.002835
0.000265
-0.015337
0.006281
0.009290
-0.009713
-0.003757
0.004014
-0.002850
0.005646
-0.000295
0.003454
-0.006342
0.022956
0.005798
-0.001550
0.010091
-0.003076
0.005012
0.010303
0.005722
0.009048
-0.010272
0.004936
0.003061
-0.000159
-0.000597
-0.012313
-0.005571
-0.001368
-0.006871
0.001247
0.011633
-0.014641
-0.001293
-0.007566
-0.011814
0.011452
0.002124
-0.004286
0.001928
0.007083
0.005178
-0.013750
0.003953
0.003636
0.005798
-0.004482
-0.024695
-0.006448
0.006372
0.006811
-0.011860
-0.010409
0.008791
-0.004286
-0.023319
-0.008519
0.001671
-0.006886
-0.008262
-0.005420
0.004981
0.002381
0.016335
0.020507
0.018451
-0.002321
-0.000915
-0.014566
0.000340
0.014611
-0.009275
-0.007370
0.002956
0.008594
-0.004225
0.007672
0.003439
0.009108
-0.003182
-0.001671
-0.000643
0.001912
-0.001565
0.008700
0.006886
0.010182
0.013251
-0.004437
0.016032
-0.005193
-0.009758
-0.012162
-0.012782
-0.007839
0.019011
0.002653
-0.005223
-0.010303
0.000416
-0.000839
0.003953
0.000401
0.010726
-0.002940
-0.004422
0.002124
-0.009381
-0.001157
-0.011724
0.011769
-0.012449
0.006055
0.004150
0.007143
-0.002623
0.003742
0.002411
-0.009758
0.006523
0.001550
-0.010378
-0.004830
0.006614
-0.003500
0.018723
0.008851
0.010000
0.023092
-0.011935
0.012359
0.006508
0.002215
0.000763
-0.005042
0.002245
0.016728
-0.013765
-0.026554
-0.001731
-0.006130
0.006206
-0.002835
0.016320
-0.012147
0.001444
0.005813
0.002457
-0.016017
-0.007143
0.007884
-0.001731
-0.010892
0.001761
0.006856
-0.012858
0.005737
-0.003984
-0.025330
-0.001943
0.005541
0.000355
-0.008776
0.002048
-0.006916
-0.002230
-0.004271
0.004830
-0.000280
0.003742
-0.007536
0.004467
0.010046
-0.015564
0.001338
-0.002668
-0.017166
0.020084
-0.020870
-0.000491
0.010000
-0.020734
0.009592
-0.006312
-0.003318
0.001550
-0.019298
0.005888
-0.001398
-0.002699
0.008247
0.003863
-0.011195
-0.002638
0.001414
0.008776
0.008096
-0.001051
-0.006554
0.005420
-0.007491
-0.010076
0.000310
0.002426
-0.008927
0.013054
-0.006236
-0.011648
0.008489
0.000673
0.009834
-0.025572
0.005541
-0.001625
0.009728
0.015685
-0.007627
0.016425
0.000370
-0.016682
-0.003968
-0.008473
0.003817
0.010484
-0.009622
-0.006780
0.009758
-0.001429
-0.017060
0.013236
-0.010953
0.007642
0.013719
0.002260
-0.009381
0.003878
-0.013432
0.022745
0.005435
0.009320
0.001066
-0.003243
0.004875
-0.014082
-0.002729
-0.005752
-0.007582
-0.013991
-0.009517
-0.013674
-0.006871
-0.011618
0.024438
-0.007098
-0.011542
-0.004996
0.007702
-0.003696
0.010590
-0.015050
0.011043
0.008277
0.000779
0.011845
0.006569
-0.003001
0.011406
-0.009713
0.005934
0.002185
-0.007188
-0.003968
-0.007083
0.004634
-0.007536
-0.005405
0.009683
-0.007204
0.000582
-0.027749
-0.001202
0.022488
-0.004618
0.011981
0.002895
0.001610
0.009456
-0.004966
-0.011255
0.008473
0.004044
-0.021006
-0.011361
0.004845
0.018360
-0.006297
-0.012903
0.010862
-0.007083
-0.007188
-0.003394
0.010862
0.001020
-0.001202
0.007400
0.009365
-0.010363
0.012132
0.004225
-0.021747
-0.003757
-0.004437
0.008383
-0.006009
0.004845
0.011013
-0.004180
-0.004588
0.010499
-0.006040
0.015261
0.017378
0.007188
0.005148
-0.004422
0.008836
0.001761
-0.020416
-0.010227
-0.008473
-0.015050
0.004331
-0.012313
-0.002442
-0.004996
-0.003938
0.012132
-0.011920
0.008383
0.005329
-0.009925
-0.014218
0.002185
-0.001822
-0.006614
-0.003575
0.003817
0.004996
-0.010968
-0.005087
0.001474
0.001081
-0.015458
-0.007687
-0.003288
-0.004029
0.003409
0.008655
0.004407
0.020855
-0.016214
-0.005072
-0.002653
0.021218
-0.015186
0.009562
-0.005646
0.006040
0.010106
0.012525
0.010756
0.017877
0.001776
-0.000718
-0.005571
0.014369
-0.005087
-0.002578
-0.002245
-0.005677
-0.000295
-0.005420
0.009955
0.002925
0.003288
0.000824
0.002139
-0.007491
0.010817
-0.018799
0.001187
0.005374
0.014808
0.008443
0.000189
-0.001791
0.004256
-0.006584
-0.011890
-0.014143
0.000204
0.010620
0.006674
-0.001051
-0.009305
-0.022336
-0.001504
0.013145
0.001761
0.009547
-0.015957
0.004437
-0.009653
0.004361
0.004361
0.018708
-0.005117
0.004875
-0.000597
-0.003727
-0.003575
0.000597
-0.014460
-0.013810
-0.011920
0.004437
-0.026766
0.010484
-0.000401
0.011935
-0.012691
0.007068
0.006176
0.003137
-0.002699
-0.000340
0.005450
0.003182
0.008655
-0.009683
-0.014778
-0.002275
0.009910
-0.002683
0.014067
-0.008413
-0.004029
0.005374
0.002139
-0.001051
-0.011285
0.002940
-0.003999
-0.007370
-0.010091
-0.000688
0.003122
-0.005057
-0.010439
0.013130
0.005027
-0.004286
0.001973
-0.000733
-0.014853
0.006312
-0.011845
-0.011149
0.013477
0.005813
0.004241
-0.020069
0.013190
-0.004845
0.000416
-0.008353
0.013704
-0.001640
0.002729
-0.019041
0.008700
0.010152
0.018935
-0.002774
0.001565
-0.022624
0.008821
0.014369
-0.001897
0.009214
0.002547
0.007234
0.008987
-0.006236
-0.001262
-0.000083
-0.002411
-0.007899
-0.001489
0.007461
0.010136
-0.015216
-0.007173
0.000038
-0.009592
0.004210
-0.014460
0.000461
-0.006448
0.007823
0.014596
-0.002018
-0.004573
0.003076
-0.015579
0.007612
0.014672
-0.010091
-0.007340
0.001429
0.013417
-0.003167
0.005677
0.012268
-0.005405
0.010862
0.002683
-0.010635
0.005495
0.003847
-0.005132
0.005253
-0.007083
-0.002200
-0.013281
0.019086
-0.010726
0.009260
0.000930
0.016168
-0.006705
-0.001232
0.003575
-0.000854
0.002396
-0.001383
0.010121
0.005979
-0.009063
0.010242
-0.014097
-0.009743
-0.007400
-0.005027
-0.007340
-0.018391
0.005389
-0.006085
-0.003182
0.008277
-0.005616
-0.002880
0.018164
-0.011603
0.005329
0.001640
-0.011134
-0.029275
0.009607
-0.015246
0.005480
-0.002366
-0.007294
-0.003107
0.005571
-0.009517
-0.014611
0.020553
0.018194
-0.003953
0.001655
0.001444
0.004785
-0.007763
0.002850
0.004891
0.015276
-0.011255
0.000673
-0.006357
0.002215
-0.002442
-0.000113
0.007173
0.002275
0.008579
0.011331
-0.000053
0.003001
-0.003318
-0.018194
-0.005616
-0.009819
0.014808
-0.020039
-0.015004
-0.011089
0.004059
0.012903
-0.011376
-0.003530
-0.002457
-0.010031
-0.010590
-0.006826
-0.004770
0.012011
-0.004921
0.010892
-0.004044
0.002381
-0.011694
0.008398
0.010378
-0.010378
-0.010046
-0.009441
0.000204
-0.012208
-0.008610
0.002880
-0.011814
0.001776
0.003923
0.004377
0.008247
-0.003213
0.008987
0.005692
-0.001232
0.008353
-0.001111
-0.009139
0.013054
-0.013054
0.008610
0.004603
-0.000552
0.005722
-0.003349
-0.008262
0.001172
0.013326
-0.008080
-0.001504
-0.002956
-0.001701
-0.010393
0.012827
-0.004694
0.001837
-0.002608
-0.012616
-0.012404
0.011300
0.001020
-0.002457
-0.008761
-0.005132
0.007098
0.001897
0.004301
0.019207
-0.006992
-0.007808
0.009214
0.017605
0.004120
-0.003152
0.005299
-0.021414
-0.003621
0.003606
-0.009789
-0.012963
0.012238
-0.012585
0.001323
0.011134
0.011920
-0.013659
-0.005012
-0.003409
-0.025163
-0.000718
-0.008549
0.003908
0.008398
0.003908
-0.007536
0.001111
-0.002215
0.003878
-0.011920
0.007128
0.016032
-0.002381
0.001897
-0.000461
0.011981
0.003439
-0.001353
-0.000129
-0.015352
-0.012253
0.002729
0.002819
0.002018
0.009063
-0.000431
0.016093
0.002079
-0.005571
0.022261
-0.012238
-0.010635
0.000718
0.009668
0.000038
0.014264
-0.000280
-0.009456
-0.011814
-0.009834
-0.000990
0.012117
0.002381
-0.009078
0.001655
0.014596
-0.012601
-0.010817
0.004739
0.006342
-0.004543
0.001655
0.012933
0.010439
-0.001293
-0.001882
-0.011346
0.008413
0.009517
0.005163
-0.006871
-0.010031
-0.005979
-0.001353
0.018557
0.003999
0.003318
0.005389
-0.013704
0.009108
0.006962
-0.021535
0.002169
0.005888
-0.002578
0.015942
0.013825
0.004603
-0.000915
0.001293
-0.008443
-0.005919
0.017967
-0.008398
-0.010666
-0.017605
-0.009653
-0.006297
-0.000522
0.006100
0.005178
0.011195
0.004210
-0.015019
0.001308
-0.020658
-0.005646
0.001489
0.003651
0.003817
0.009411
-0.009229
0.000824
-0.008262
0.000597
0.007370
0.002593
-0.013583
0.014143
0.017468
0.001882
0.003137
-0.002699
0.005707
-0.003636
-0.008549
0.002819
-0.013795
0.002124
0.011497
0.013855
-0.015292
0.023032
-0.003288
-0.003893
-0.009955
0.011557
0.008383
0.010000
0.008413
-0.031392
0.004241
0.002850
-0.028096
0.052043
-0.011437
0.001610
-0.007476
0.004422
0.003485
-0.002185
0.000537
0.019721
0.001655
-0.004558
-0.011663
0.018950
0.026811
-0.011648
0.013916
0.008277
-0.015428
0.018980
-0.023561
0.017499
-0.007279
-0.005102
-0.006070
-0.004225
0.000129
0.006145
0.003832
-0.001625
0.017045
0.013160
-0.010545
0.006538
-0.001822
-0.013356
-0.021974
-0.006009
0.007234
-0.001731
-0.004694
-0.025813
-0.010892
0.004664
0.000340
0.005707
-0.003379
-0.015715
-0.009562
0.001837
0.005374
-0.018058
0.010923
-0.007007
0.017650
0.000098
-0.014007
-0.001988
0.004392
0.004044
0.003590
0.009774
-0.000219
-0.016909
0.009456
-0.007173
-0.016894
0.009849
0.005813
0.004286
-0.005662
0.012570
-0.012449
-0.013568
-0.004392
-0.001111
0.009668
0.000370
-0.003772
0.010907
-0.004256
0.018466
0.024710
0.007445
0.013613
-0.004830
-0.006992
-0.002396
0.006629
0.000189
0.014475
0.002321
0.004286
0.008020
-0.014082
-0.005526
-0.002986
-0.014248
0.008065
0.013387
0.007597
0.009320
-0.000431
-0.007702
0.010953
-0.008549
-0.010439
-0.011618
0.005420
-0.016486
-0.004271
-0.001655
-0.002321
0.003167
0.010076
-0.018406
-0.009517
0.012782
0.015579
0.008035
0.003500
0.007340
-0.002411
-0.003621
0.000113
-0.003258
-0.009290
0.000643
0.007294
0.013160
-0.008534
-0.007279
-0.006009
0.000703
-0.008746
0.005405
-0.011557
-0.005087
0.001973
0.006281
-0.005238
0.000491
0.012177
-0.005903
-0.005752
-0.001217
0.004120
0.018119
0.014838
0.004498
0.003847
0.006735
-0.006130
0.010666
0.015019
0.011769
0.012389
0.001383
-0.006841
-0.008126
-0.006448
-0.003288
0.008564
0.002139
0.006523
-0.002865
-0.005783
-0.012374
0.016924
-0.013084
-0.000416
-0.009804
0.004241
0.003001
0.000763
-0.001686
0.008050
-0.020054
0.001247
-0.009320
-0.004951
0.001867
0.015125
0.003333
0.011376
0.004755
-0.003349
-0.000461
0.005480
0.010756
0.025224
-0.002154
0.002245
0.000869
-0.003197
0.002986
-0.011437
0.009124
-0.010091
0.007823
-0.003394
-0.003031
0.004286
-0.001822
-0.003711
-0.010272
0.012147
0.005193
-0.002593
0.000794
0.006735
-0.019268
-0.010862
-0.004422
-0.009124
0.013508
0.003424
0.009184
0.005223
-0.009728
-0.006841
-0.006720
0.002169
-0.011557
0.000612
-0.005646
0.003137
0.017982
0.004649
-0.012208
-0.009063
-0.008564
-0.017862
-0.000688
0.006856
-0.006674
0.004165
-0.012283
0.002033
0.000854
0.006463
-0.006977
0.002653
0.010363
-0.014521
-0.000612
0.017786
-0.007143
-0.005919
-0.011346
-0.004316
-0.013734
-0.002850
-0.001141
-0.008337
-0.004936
0.001202
0.003575
0.011059
-0.000748
0.006659
-0.003681
-0.015821
-0.013326
0.004709
-0.002245
-0.005238
0.003802
-0.000597
0.004936
0.008383
0.010817
-0.002819
0.003213
0.003122
-0.001761
0.022382
-0.001640
0.023319
-0.008020
-0.015171
0.005752
-0.004256
-0.005828
-0.016864
0.000249
0.011300
0.005072
0.016682
0.001973
0.015790
-0.012631
0.005299
0.003923
0.008398
-0.007037
-0.002079
-0.005631
0.003424
-0.016667
-0.009910
0.005435
0.005450
-0.010152
-0.006659
-0.001595
-0.008912
0.004664
-0.002336
0.005374
0.000915
0.017257
-0.009819
-0.019011
0.019630
0.017499
-0.009199
0.000370
0.000023
-0.014007
0.012585
-0.013523
0.005495
0.011981
-0.015760
0.003107
0.010227
0.001580
0.006569
-0.006916
0.001565
-0.003258
-0.010484
-0.015564
-0.006750
0.002033
-0.001973
0.004573
-0.016093
-0.000990
-0.017408
-0.017227
-0.009365
0.020658
-0.009093
0.016456
0.010499
0.000960
0.002230
0.009169
-0.003213
-0.004210
-0.005752
-0.000491
-0.010726
0.014339
-0.001852
-0.005783
0.001550
-0.009592
0.001731
-0.007612
0.003122
-0.012994
0.004482
-0.000325
-0.014022
-0.003303
0.006327
0.007672
-0.013402
0.003757
-0.022654
0.008473
0.000643
0.004906
-0.007415
0.006478
-0.014823
-0.003424
0.004422
0.007551
-0.011890
0.007566
0.004331
0.002472
-0.007914
-0.003953
0.015019
-0.010696
-0.007536
-0.001504
0.014581
-0.000884
0.001943
0.005541
-0.014445
0.003847
0.002910
0.013644
0.005042
0.001912
0.011966
0.006130
0.007430
0.013946
-0.002925
-0.012434
-0.000809
0.013870
0.011452
-0.003167
-0.011845
-0.003742
0.007839
-0.001837
-0.018345
-0.001368
-0.004800
0.004634
0.001081
-0.008458
0.000779
0.014717
-0.001096
0.000401
-0.012465
-0.001988
0.012389
0.014460
-0.015155
-0.004618
0.007294
-0.004603
0.015276
-0.016289
0.005510
0.003318
0.017393
0.000673
0.004437
0.013009
0.001701
-0.000884
-0.010998
-0.000355
0.011512
-0.003424
0.007461
-0.005677
0.008141
-0.009033
-0.003046
-0.005480
0.001731
-0.003984
-0.004392
0.008897
0.006236
-0.004331
-0.003863
0.015337
0.002517
0.004271
0.012434
-0.000491
-0.001519
0.008322
-0.017257
0.018179
-0.002729
0.004286
0.005722
-0.011618
-0.015685
0.001277
0.008700
-0.006569
-0.001247
-0.009018
0.005541
0.013976
0.007083
0.007370
-0.008247
0.003817
-0.023546
-0.002940
0.008383
0.006629
-0.009622
0.001187
0.000219
0.003303
-0.011482
-0.006191
0.007022
0.005359
-0.015155
-0.008504
0.016985
0.003243
0.004089
0.018723
0.007702
-0.001459
0.008836
0.001867
0.004089
0.001202
0.001353
0.009169
-0.007778
0.003137
-0.004452
0.004271
0.008987
0.002819
0.000748
0.002260
0.012661
-0.026040
-0.004241
-0.005284
0.005465
-0.010666
-0.006070
-0.000658
-0.002139
-0.008957
-0.009849
-0.008730
-0.000597
-0.010953
0.014536
0.014158
0.007385
-0.002819
0.002638
0.002683
0.007340
-0.009139
-0.013961
0.007294
0.001867
-0.000234
-0.009169
0.008746
-0.006795
0.001686
-0.001036
0.011300
0.010620
0.002275
-0.009214
-0.000113
0.000310
0.007158
0.004225
-0.006266
-0.011739
0.000204
-0.011376
-0.006009
-0.003787
0.009124
-0.003651
0.000401
0.001791
-0.017151
0.009320
0.011043
0.011935
-0.003802
-0.000748
-0.005631
-0.002230
-0.020568
-0.010136
-0.009169
0.008579
-0.006433
0.001640
-0.011769
-0.005042
-0.019842
0.011754
-0.009199
-0.005556
-0.006856
0.002275
-0.016350
0.004830
-0.006599
-0.007370
0.014944
0.007340
-0.005314
-0.006357
0.004044
-0.013991
-0.004588
0.006886
0.007612
0.008594
-0.013069
0.006251
-0.000461
0.018255
0.004271
-0.003893
0.010666
0.021414
-0.009108
0.007642
-0.003681
-0.001293
-0.000446
-0.009517
0.004649
-0.003303
0.006992
-0.008625
0.000794
0.000869
-0.002608
0.002124
0.003727
0.000249
-0.007808
0.002064
0.004618
0.005027
0.011406
-0.010257
0.002305
-0.010650
-0.011633
-0.006070
-0.015896
0.000658
-0.013598
0.006312
-0.008610
0.002971
-0.000370
-0.003137
-0.014430
0.004709
-0.003016
-0.018330
-0.000567
-0.000612
0.008519
-0.001338
-0.003636
-0.017242
0.017121
0.006947
-0.021233
0.012827
-0.016410
-0.022079
-0.007642
0.008670
-0.009713
-0.008987
-0.001398
-0.017242
-0.009003
0.005208
-0.010998
-0.009411
-0.010907
0.014596
-0.005601
0.000204
0.013190
-0.000476
0.009970
-0.008096
0.010938
0.004770
0.015624
-0.005873
-0.011406
0.005314
0.012963
-0.000249
0.014430
0.002336
0.009199
-0.001474
0.010514
-0.002593
-0.009305
0.004014
0.007899
0.001655
0.015518
-0.005737
0.007702
0.000522
-0.002925
-0.011482
0.004210
-0.004089
0.016954
0.007869
-0.003999
0.006085
-0.016002
-0.005117
-0.004709
-0.002079
-0.011285
-0.000386
0.012585
0.019525
-0.006463
0.004059
-0.007536
0.008005
-0.012328
-0.010227
0.009668
0.005374
-0.007370
-0.001943
-0.000144
-0.004104
-0.005888
-0.012540
-0.006538
0.008277
-0.019464
0.003787
-0.019298
0.017378
-0.007551
0.006947
-0.005299
-0.003364
0.004180
0.002532
0.000506
0.003182
-0.000839
0.008307
-0.000234
-0.013659
0.002502
-0.013115
0.007884
0.003001
0.012208
-0.004241
0.012147
-0.022034
0.000370
0.016335
0.007718
-0.004815
0.008746
-0.006055
-0.007400
0.010711
-0.007476
0.004679
0.000446
-0.015337
0.003061
-0.004029
-0.001020
0.001247
-0.007083
-0.003016
0.003696
-0.022412
0.009910
-0.021324
-0.028852
0.004104
0.005873
0.009774
-0.005843
-0.008882
0.008322
0.014309
0.005601
0.006614
0.002895
-0.005979
0.013236
-0.004936
-0.008957
0.004014
0.001020
0.012374
0.008216
-0.011663
-0.017181
0.010197
0.010575
-0.018239
0.003092
0.004029
0.018829
0.008564
0.002774
0.015307
0.003076
0.010393
0.019343
0.018194
0.015942
-0.008096
-0.025481
-0.009864
-0.017831
0.016939
-0.017166
0.014233
-0.003213
0.003485
-0.004089
0.010953
-0.006160
-0.017620
0.014944
-0.006493
-0.005072
-0.005707
-0.015760
-0.000144
-0.003394
0.003379
-0.003847
-0.006554
-0.006160
0.001172
0.001534
0.015654
0.003182
-0.006886
-0.011588
-0.001202
0.012979
0.005405
0.016758
0.005677
-0.004966
-0.001837
0.010106
0.014853
-0.012071
0.000416
-0.008322
0.008504
0.004981
0.002562
0.020583
-0.011391
-0.006236
-0.006674
0.022775
-0.007355
0.000113
-0.000915
-0.010499
0.004875
0.016289
0.012328
0.015911
-0.006055
0.000204
-0.013508
-0.011467
-0.008428
-0.013568
-0.026887
0.002759
-0.003122
0.009819
0.013810
0.010499
0.013145
0.004089
0.000310
-0.007128
0.012011
0.005284
0.009668
0.010152
0.009290
-0.021187
-0.005329
-0.002850
0.001172
-0.003470
0.001671
-0.005405
-0.005374
-0.001081
-0.019509
0.001096
-0.008111
-0.006523
-0.000522
-0.005510
0.009411
0.000249
0.008443
-0.012737
0.011316
0.012601
-0.009955
-0.029789
0.003999
-0.015685
-0.011134
-0.000915
0.011527
-0.012676
-0.011648
-0.002819
0.007113
0.003530
0.002305
0.006765
-0.008564
-0.008927
0.014672
-0.015896
0.005405
0.005707
0.005405
-0.011512
-0.004361
-0.015866
0.006221
-0.003757
-0.002124
-0.013901
0.008443
0.009819
0.015443
-0.002033
0.009925
-0.000809
0.021958
-0.001459
0.007037
0.004241
0.000325
0.006055
0.013780
0.005510
-0.005949
-0.010499
0.010136
0.002593
-0.004498
0.009441
0.006160
0.009214
-0.013387
0.000567
0.002865
-0.007445
-0.002623
0.014853
-0.000809
0.015337
0.013901
0.013402
-0.003908
-0.000461
-0.009713
-0.001157
0.001187
0.007748
0.018194
-0.001232
-0.005072
-0.010605
-0.012963
-0.003787
-0.016153
-0.009456
-0.011920
0.028308
0.008957
0.008957
-0.004815
-0.000431
-0.013568
0.003711
0.003167
0.003439
0.019797
-0.004135
-0.007249
-0.000627
-0.000703
0.003560
0.006795
-0.004044
0.015412
0.002623
0.009668
-0.018164
0.001867
-0.003243
-0.007204
0.015412
-0.014898
-0.015382
0.012631
0.003288
0.017378
0.023954
-0.001912
0.010590
-0.010666
0.030666
0.011512
-0.018330
-0.011164
-0.005798
0.004271
0.012177
-0.002426
-0.009139
0.007884
-0.002653
0.000340
-0.001776
0.014112
-0.005465
0.000416
-0.012192
-0.006176
0.010938
0.005646
0.016954
-0.005873
0.001141
-0.006508
-0.001368
-0.002850
-0.001111
0.018149
-0.014732
0.006206
-0.011059
0.004377
-0.012071
-0.016592
0.021974
0.021218
-0.011361
0.000990
0.008201
0.012979
0.004271
0.004588
0.020129
0.012510
0.028973
-0.003288
0.011588
0.002336
-0.001731
-0.016017
0.006417
0.000658
0.000144
0.014959
0.008489
0.012948
-0.016909
-0.009078
0.013583
-0.001716
0.001897
0.002442
-0.020537
-0.018391
-0.003318
-0.019736
-0.006055
-0.000945
0.012102
-0.000733
-0.010212
-0.014203
0.010802
0.004724
-0.003001
0.004346
-0.023259
-0.005994
0.009985
-0.013780
0.009018
0.006387
-0.010031
0.012071
0.010091
-0.011361
0.022004
0.017589
0.006977
-0.017060
0.000491
-0.003439
0.019812
-0.015352
0.002850
-0.004286
-0.010242
0.002971
-0.002835
0.014974
-0.009169
0.006871
-0.015292
-0.004135
0.006463
-0.000552
-0.005238
-0.006055
-0.010469
0.012797
0.018119
0.018784
0.003621
0.011709
-0.011104
0.009003
-0.006145
-0.005420
-0.003470
-0.007642
-0.024982
-0.016425
0.004059
0.003182
0.001232
-0.008504
0.010378
0.005102
-0.000794
-0.010393
0.004392
0.002018
-0.007188
-0.000900
-0.001550
-0.004664
0.012298
-0.004089
0.000053
-0.000809
-0.009456
0.015881
-0.005571
0.015972
0.011089
0.000370
0.014203
0.005903
0.018300
0.016864
0.021097
-0.004180
-0.000204
0.010847
-0.005783
0.001746
0.002245
-0.014369
0.014188
0.010348
0.012767
0.003001
-0.003742
-0.004891
0.006463
-0.007325
0.000900
-0.012797
0.012676
0.006795
-0.019313
-0.003590
0.000718
-0.010454
0.010892
0.014641
0.008141
0.022231
0.004165
-0.011452
0.012812
0.003349
0.017302
-0.000688
-0.013598
-0.006599
0.017635
-0.003167
0.014248
-0.024680
-0.000265
0.009486
-0.012208
0.002668
0.006312
-0.006130
-0.001897
-0.013750
0.012797
0.009698
-0.012631
-0.035202
-0.030530
-0.000023
-0.005858
-0.003696
0.000537
0.004467
-0.010907
-0.007400
-0.013160
0.000854
-0.003908
0.008897
0.017468
0.005888
0.001489
0.004558
0.005072
0.002940
0.000355
-0.014233
-0.007052
0.017408
0.002275
-0.010650
0.008836
0.002547
-0.017831
-0.001383
-0.003893
0.011573
-0.015957
-0.022382
-0.024906
-0.015080
0.000234
-0.000386
-0.016244
0.006538
-0.021278
0.003394
0.002925
0.008383
0.017015
0.000824
0.011573
0.006720
0.013387
-0.015685
-0.010817
-0.013069
0.019827
-0.006871
-0.003001
0.007052
0.022624
-0.009003
-0.000476
-0.004392
-0.009108
-0.000990
-0.007294
0.005389
-0.003530
-0.000627
-0.016320
-0.013916
0.015292
0.005722
-0.007052
-0.000733
-0.007188
-0.015019
0.006659
-0.004452
-0.014505
0.014460
-0.049397
0.011421
0.005480
0.001247
0.013175
0.001414
0.002880
0.016456
-0.004785
-0.003757
0.001398
0.017257
0.006100
0.003984
-0.007914
-0.021460
0.002910
0.008897
0.012480
-0.020054
0.005964
-0.002986
-0.003742
0.016864
0.006070
-0.008353
-0.011104
0.006992
-0.007219
0.006523
-0.005435
-0.000930
-0.014052
0.001897
0.010862
-0.009501
0.017892
-0.006191
0.001157
0.008761
-0.004361
-0.004392
0.000355
-0.010363
0.008670
0.004996
0.032692
-0.014097
-0.003485
0.010892
