-0.001851
0.037516
0.011964
0.000841
-0.007458
0.014928
0.004519
-0.000216
-0.000648
0.003070
-0.002048
-0.006927
-0.002066
0.002763
-0.004636
0.013120
-0.001208
0.003292
0.009104
-0.001095
0.001595
0.005296
-0.010578
-0.011781
-0.013138
0.007580
0.014991
0.009364
-0.028980
-0.006871
-0.014663
-0.008620
-0.010898
-0.000757
-0.002871
0.000832
-0.001435
-0.001837
-0.002586
-0.017853
0.025023
-0.003051
0.000744
0.000148
0.006566
-0.010893
-0.007682
-0.016559
0.015874
-0.001337
0.009515
-0.002636
0.000469
-0.005660
0.003723
-0.008845
0.002181
-0.004792
0.004885
-0.004217
-0.008356
-0.017680
-0.014620
0.008030
0.009465
-0.000873
0.003832
-0.007467
-0.008556
0.010390
0.006401
0.002414
0.002667
-0.001025
0.006090
-0.002129
-0.004417
-0.006685
0.008339
0.000084
0.005873
0.008210
-0.006406
-0.000306
-0.012890
-0.009087
-0.013791
0.013638
0.003670
-0.002894
-0.000119
-0.003746
-0.000154
0.011895
-0.007050
-0.009353
0.006175
-0.015457
-0.005055
0.007751
-0.000169
0.016924
0.003257
-0.003148
0.000471
-0.008466
0.008416
-0.020605
-0.006814
0.003178
-0.004682
-0.000977
-0.017393
-0.011663
-0.002018
0.009689
-0.005795
0.000501
-0.009032
-0.013685
0.013649
-0.010213
-0.008174
0.012855
0.005393
-0.025897
0.009144
-0.025886
-0.001574
0.002022
-0.001845
-0.014483
0.003840
0.007882
-0.005049
-0.002405
-0.001813
-0.007804
0.003748
0.001175
0.002371
-0.005057
0.011515
-0.009581
0.008014
-0.001783
-0.009135
0.000815
0.003544
0.015395
-0.015452
-0.005243
-0.017453
-0.011785
0.004525
0.005418
-0.008586
-0.007743
-0.009423
-0.006807
-0.005649
-0.001827
-0.004380
0.006560
-0.006129
0.025075
0.010937
0.013871
0.011295
0.006799
0.008001
0.001104
-0.025176
-0.013150
-0.005433
-0.011020
-0.005280
0.002892
-0.007120
0.013021
0.010937
0.006394
0.007237
0.005853
0.002375
-0.002544
0.018723
-0.023125
0.035832
0.014471
0.009708
0.001823
-0.005082
0.011202
0.009135
0.015972
0.003312
0.003460
-0.008596
0.003476
0.018284
0.002614
0.011505
-0.005971
0.007047
-0.005241
0.003487
-0.003734
0.004215
-0.007719
-0.003850
-0.004238
0.011327
0.000694
0.001354
0.007839
-0.004199
0.002075
-0.007917
-0.009603
0.018897
-0.005954
-0.013789
-0.019640
-0.000288
-0.024372
-0.000105
0.005495
-0.002199
0.006134
0.013332
-0.013999
-0.008326
0.012232
0.014245
-0.006625
-0.022268
0.009087
0.006572
-0.012146
0.002218
0.002576
0.004082
-0.000925
-0.013494
0.002080
-0.001392
-0.003577
-0.014470
-0.010043
-0.021753
-0.006669
-0.009179
-0.002299
-0.005329
0.003144
0.002059
0.002402
0.005126
0.011726
0.003482
0.002242
0.001500
-0.011544
-0.008042
0.010610
0.005506
-0.005056
0.005615
0.007846
-0.013013
-0.007681
0.010444
-0.000280
-0.004560
-0.001617
0.020730
0.006657
0.013406
0.013152
0.006457
0.001381
0.005981
0.006035
0.021049
-0.013993
0.005940
0.019800
0.008255
-0.011058
-0.002086
-0.019709
-0.004803
0.005375
0.007248
-0.007133
-0.010257
-0.002846
-0.010037
-0.000354
-0.009886
-0.004381
-0.003786
0.012992
0.005786
-0.001948
0.003916
-0.000961
-0.002124
-0.006040
0.007053
-0.004469
-0.005058
0.020682
-0.001106
0.011980
0.007762
-0.006674
0.010678
-0.006923
0.011154
-0.003996
0.009631
0.002403
-0.006032
0.019795
-0.012255
-0.002165
-0.012686
0.003576
0.002863
0.014396
0.016987
-0.011919
0.012678
-0.034335
0.012921
0.016980
-0.023892
0.024363
0.016921
0.004099
-0.005518
-0.000271
-0.008899
-0.002608
0.006923
-0.006986
0.010792
-0.002338
-0.008240
-0.006774
0.001803
0.002536
0.009025
-0.005291
-0.019735
-0.021781
0.018899
0.006836
0.001603
-0.006149
-0.008796
-0.008088
-0.013173
-0.005114
-0.000307
0.003378
-0.007201
0.004845
0.000758
0.017986
0.001737
-0.001293
-0.004694
0.009874
0.013268
-0.005376
-0.001983
0.005740
0.017424
-0.016711
0.002446
-0.006261
-0.002672
-0.011433
-0.008195
-0.013907
-0.017803
0.027484
0.004678
-0.001074
0.004413
-0.009101
0.002514
0.001422
0.014718
0.021050
-0.008295
0.017051
0.007237
0.000677
-0.002394
-0.012353
0.012799
-0.002117
-0.001189
0.003094
-0.002001
0.002091
0.022872
0.012505
-0.010438
0.011197
0.010738
-0.009534
-0.014227
-0.005148
0.000797
0.008373
-0.010100
-0.023099
-0.003760
0.006328
0.007181
0.004324
-0.000264
-0.012162
0.005590
0.002897
0.002087
0.006142
-0.006794
0.007077
0.005421
-0.016004
-0.012437
-0.006877
0.008533
-0.013900
0.001858
0.002091
-0.018717
-0.008351
0.011546
0.002738
-0.002742
-0.005430
0.001428
-0.007256
0.003425
-0.003716
-0.010525
-0.013597
-0.020948
-0.002512
0.001976
-0.013521
-0.016155
0.005098
-0.000853
0.004318
0.002747
0.011338
0.005749
0.009142
-0.005610
0.005238
-0.012599
0.007470
0.001701
0.012889
-0.010575
0.026230
-0.014640
0.000873
0.002695
-0.001160
-0.015167
-0.013830
-0.004685
0.004431
-0.000404
0.009833
-0.004422
-0.007380
0.004309
0.014847
0.014118
0.009345
-0.003357
-0.008653
-0.011247
-0.005913
0.024174
0.021174
0.006494
-0.016827
-0.008802
0.001353
-0.019264
-0.000706
0.009110
0.009915
-0.001283
0.004847
-0.007356
-0.011952
-0.012026
-0.009510
-0.008272
0.003292
0.015025
-0.003009
-0.002018
0.003448
0.016002
0.004530
0.002716
-0.000235
-0.004676
-0.004385
-0.006209
0.003407
0.007887
-0.011198
-0.002967
-0.008017
0.016086
0.009540
0.005218
0.003845
-0.004689
0.004839
-0.000262
0.004560
0.007178
0.005109
0.003963
0.001360
0.023442
0.013179
0.018655
-0.013547
-0.000046
-0.000652
-0.001680
-0.002696
0.002488
0.000451
0.007520
0.015443
0.001748
0.007820
-0.004872
0.008046
-0.000743
0.002000
-0.016489
0.024647
0.000884
0.005592
-0.000615
0.011759
0.001707
-0.003328
-0.003527
0.004139
0.027240
-0.015623
0.006779
0.006912
0.007545
-0.012472
0.006957
-0.002154
0.003398
-0.006204
-0.005280
0.014275
-0.002331
-0.001551
-0.001653
-0.003644
-0.000250
-0.012624
-0.001982
0.000636
0.012527
0.012868
0.013214
-0.010305
-0.011895
-0.000978
-0.008247
-0.004006
0.010906
0.007693
-0.015164
0.004485
-0.007491
-0.007303
-0.016302
0.020030
0.015515
-0.007363
0.008492
0.015367
-0.013468
0.005208
0.000278
-0.008023
-0.015582
-0.002876
-0.000821
0.000607
0.001343
-0.004470
-0.010417
-0.027878
-0.003849
-0.007732
-0.001372
0.006031
-0.000267
0.016611
0.002116
0.013532
-0.015762
0.015220
0.007159
0.000336
-0.011921
-0.001362
-0.004774
-0.003529
0.000040
0.011546
-0.013877
0.002623
-0.002985
-0.002043
0.002467
0.001667
0.002267
-0.010381
-0.012014
-0.003231
-0.001716
-0.011272
0.001579
-0.005010
-0.003958
0.011828
-0.007816
0.008821
-0.007559
-0.009807
-0.010148
-0.001430
-0.000061
-0.012967
0.020685
-0.007297
0.016488
-0.006403
0.015953
-0.005156
0.002417
-0.008935
-0.013960
-0.001265
0.000456
-0.007027
0.006031
0.010782
0.000900
-0.005947
-0.020698
-0.002266
-0.005812
0.001104
-0.006088
-0.020992
0.009647
-0.018426
-0.000596
0.005296
0.009793
0.008663
0.002929
0.005507
-0.003473
0.009761
-0.007580
0.003920
-0.003162
0.004961
-0.005442
0.003928
0.007268
-0.006170
0.009818
0.021725
-0.009440
0.003146
-0.000791
0.009813
-0.010491
0.002947
0.005809
-0.004865
0.014770
0.011397
0.000458
0.006360
-0.012235
-0.005474
0.005466
0.017294
-0.004874
0.002540
0.010650
-0.004606
0.004911
0.007874
0.011547
-0.004656
-0.012068
0.011269
-0.006729
-0.009355
-0.013827
0.000813
-0.000598
-0.014039
-0.006230
0.001927
-0.000481
0.002781
0.002274
0.024767
0.004802
0.013848
-0.000206
0.006462
-0.005193
-0.002592
0.002517
0.008155
0.003895
-0.012626
-0.023648
-0.000711
-0.019210
-0.002951
-0.000555
0.004738
0.000696
0.004229
0.012172
0.000371
-0.007799
0.013065
-0.013007
0.001935
-0.007423
-0.004706
-0.026701
0.002123
-0.010976
0.005099
0.007787
-0.008369
-0.004505
-0.001440
0.007771
0.003972
0.009728
-0.021570
-0.015793
-0.017510
-0.011745
0.008090
0.017538
0.000573
-0.005296
0.000423
-0.006657
0.016917
-0.001409
0.005572
-0.002874
-0.007190
0.002941
0.008289
-0.002384
-0.002180
-0.007956
-0.019580
0.005907
0.000696
0.001745
0.007631
0.001582
0.001529
-0.000474
0.001842
-0.003610
-0.014006
-0.000137
-0.003506
0.003657
0.008190
-0.003504
0.006221
0.004057
0.019236
-0.020376
-0.012760
0.009237
0.001686
0.004792
0.016477
-0.003570
0.000742
0.000869
0.006627
0.014432
0.023706
0.012712
0.007040
0.011399
0.007986
-0.009961
0.000290
-0.009671
0.003580
0.005318
-0.003005
-0.001406
-0.002915
-0.014113
-0.007291
-0.016106
-0.005819
-0.007354
0.000200
0.001925
-0.006828
0.008605
-0.018068
0.001653
0.007952
0.010667
-0.004999
0.003087
-0.018027
-0.000407
-0.006468
0.007582
0.010040
-0.004947
-0.017344
0.000765
0.027656
0.017123
0.009006
-0.004231
0.012899
-0.002401
0.003635
-0.001279
-0.009426
0.003413
0.020134
0.000574
-0.015558
-0.004395
-0.005916
-0.004863
0.003688
-0.005356
0.001607
-0.001226
-0.003718
0.028855
-0.014885
0.006068
0.014244
-0.007327
-0.004524
-0.000368
-0.001741
-0.003603
0.013571
0.000710
0.004175
0.005267
0.012539
0.012232
0.013075
0.003850
-0.008711
-0.004792
0.010419
0.028442
0.002105
0.030849
0.009703
-0.017590
-0.004440
-0.005628
-0.010576
-0.017157
-0.003966
-0.003650
0.002239
0.005760
-0.001756
0.001042
0.000851
0.013904
-0.012571
-0.002128
0.007940
0.003829
-0.010492
0.025776
0.003864
0.016658
-0.003621
0.004790
-0.002935
0.001706
-0.001628
0.015010
0.010604
0.016821
0.009342
-0.015950
-0.005488
-0.007998
0.007631
0.001022
-0.007393
0.004490
-0.009604
-0.010595
0.000998
-0.010968
-0.001081
0.047588
0.017972
0.011146
-0.009051
-0.004414
-0.010872
0.009020
0.015613
-0.014984
-0.002117
0.002541
0.008660
0.000680
-0.008210
0.003224
0.001081
-0.028481
0.000645
0.005051
0.000344
0.003370
0.003600
-0.005843
0.017458
-0.002755
-0.003026
0.005428
-0.005308
-0.002279
0.004502
0.000108
0.001437
-0.008647
0.000636
0.013044
0.006150
0.006602
-0.008515
-0.005839
-0.014253
-0.003009
0.022360
-0.010001
-0.008185
-0.016888
-0.003737
-0.004845
-0.001104
-0.010481
-0.009262
0.008060
0.000949
0.001134
-0.003905
-0.012013
0.002049
-0.010749
0.003446
-0.016881
0.003793
0.002812
-0.005229
0.010448
-0.006021
-0.006273
0.031394
0.006264
-0.017450
0.013064
0.007756
0.010437
-0.018186
-0.001700
-0.017134
-0.001963
-0.006960
-0.007681
0.007409
-0.009584
-0.004775
-0.005250
-0.007886
-0.003316
0.005585
-0.008006
0.000272
-0.031964
0.008316
-0.005163
-0.000227
-0.015539
-0.005063
-0.003864
-0.006935
-0.016586
0.002985
0.002141
0.025157
-0.016655
-0.003601
0.007891
0.011415
0.000549
-0.017095
-0.005656
-0.010360
0.003284
-0.016770
0.006840
-0.009024
0.002524
-0.010666
0.011694
-0.000748
0.006299
0.005591
0.002292
-0.000292
0.003160
-0.007306
0.000275
-0.008620
0.019282
0.028219
0.005690
0.007530
0.008671
-0.010464
0.013030
-0.010428
0.003407
-0.004741
-0.006458
0.000647
-0.004632
-0.011223
0.001563
0.004747
0.000789
-0.025959
0.006909
-0.016281
0.008332
0.005839
-0.006094
0.005466
-0.001785
0.007232
-0.002634
0.005386
0.007474
-0.002191
0.001948
-0.001792
0.004671
0.003802
0.002799
0.014933
-0.014141
0.000526
0.010974
-0.003160
0.008538
0.011724
0.018264
-0.008199
0.011170
-0.008448
-0.000600
0.009142
0.012585
-0.001741
-0.000813
0.006336
-0.002659
0.005221
-0.002513
-0.011316
-0.000270
-0.002525
-0.010492
-0.025743
0.009142
0.016900
-0.008637
-0.005091
0.008161
0.008554
0.002367
-0.017379
0.002945
-0.002073
-0.015381
-0.003132
0.006443
0.001899
-0.004145
0.000457
-0.002502
-0.007013
-0.004782
0.006618
0.001831
-0.030036
0.012943
-0.009153
0.000781
-0.014715
-0.001855
0.017331
-0.008510
-0.020745
0.005993
-0.001626
0.000495
0.002371
0.015973
0.002859
0.003733
0.002427
0.000649
0.012400
0.002371
-0.007861
-0.007023
0.001612
0.014307
0.004017
-0.020997
-0.004953
-0.012571
0.000237
0.004837
0.003012
0.006275
0.009711
0.005541
-0.010414
-0.010469
0.004151
0.010054
-0.010630
-0.006000
-0.020791
-0.009829
0.003502
0.015296
-0.002096
0.000766
-0.000515
-0.001375
-0.000672
0.005414
-0.004081
-0.018782
-0.006392
0.002376
0.022137
-0.007682
-0.016260
-0.013548
0.002989
0.001652
0.008663
-0.000716
0.006099
0.014580
0.006896
0.007008
0.013351
0.002696
0.007408
-0.003727
-0.002872
0.007587
-0.000454
0.016100
0.009566
-0.001870
-0.001113
-0.002964
0.009513
0.010491
0.008556
0.001075
0.000126
-0.007481
0.008524
-0.001661
0.004869
0.014793
0.007514
0.007872
0.000496
0.003354
-0.014464
-0.000938
0.002105
-0.001620
-0.001928
0.004227
-0.003822
-0.002514
-0.007753
0.005295
0.010839
-0.013608
-0.000862
-0.011837
-0.012064
0.010822
0.000486
0.001005
0.007391
-0.004524
-0.005384
-0.009232
-0.027340
-0.001355
-0.009456
-0.025429
0.014100
-0.016931
0.009800
-0.002129
0.009765
0.003833
0.000137
-0.008644
0.003934
0.013715
0.008979
0.017498
-0.006106
0.006662
0.000374
0.003535
0.002149
0.012130
-0.009422
-0.007815
0.012622
-0.019449
0.011549
-0.000896
0.006619
-0.000304
0.014383
-0.001921
-0.002331
-0.015469
0.005121
0.000673
0.007090
0.000938
0.013798
-0.004344
-0.012362
0.003201
-0.004647
-0.004678
0.002119
-0.005135
-0.013643
0.005368
-0.010611
0.003736
0.007235
0.002710
-0.007771
-0.010522
-0.010612
-0.011823
-0.002100
-0.012466
0.002438
0.006687
0.004384
0.005734
-0.007176
0.003515
-0.016075
-0.000212
-0.002588
0.002611
0.021698
-0.004063
-0.005976
0.019671
0.012478
-0.017545
0.004450
-0.005059
-0.005474
0.005099
0.003727
0.011737
-0.002954
0.000047
0.005708
-0.001858
0.013677
0.009015
0.004821
0.015715
0.004361
0.003921
0.004285
0.004057
0.013431
-0.000267
-0.006570
0.004657
-0.003131
0.013308
0.002478
-0.003008
-0.002798
0.006086
-0.002303
-0.004496
0.004360
-0.001245
-0.009949
0.005084
-0.003031
0.000213
-0.000663
0.001529
-0.000728
0.015697
0.010496
0.015516
0.012307
0.002534
0.004131
0.003735
0.010155
0.001731
0.000193
-0.018227
-0.004493
0.017619
-0.007227
0.012116
0.002906
0.009838
0.010317
-0.011858
0.017261
-0.001872
0.007058
0.004177
0.017767
-0.023006
0.004463
-0.005043
0.015824
-0.004410
-0.000356
-0.002103
-0.010634
-0.001284
-0.009207
-0.000294
0.003967
-0.000357
-0.008905
0.014855
-0.017619
-0.015083
0.020787
0.001600
0.001455
-0.012083
0.000556
0.002697
-0.008076
-0.031105
-0.001812
-0.009309
-0.001147
0.000585
0.000559
0.012885
-0.018724
-0.002624
-0.001445
0.001987
0.004020
-0.007518
-0.002019
0.002230
-0.010318
-0.003484
0.005068
-0.008893
0.003143
-0.004816
0.013443
0.000928
0.003363
-0.007562
0.019255
-0.006071
0.001725
0.009723
0.004897
-0.011120
0.012863
0.004602
-0.010360
0.010937
0.003930
-0.002950
0.011687
-0.019813
-0.009248
-0.021409
0.013348
-0.028869
-0.013339
0.009974
0.003847
-0.005107
-0.000689
0.007253
-0.013717
0.005310
0.012545
-0.014500
0.005144
-0.004620
0.007042
-0.005192
0.011928
0.004724
-0.000122
-0.012439
0.007214
0.005084
0.000633
-0.012132
0.014531
0.000805
0.011020
0.002615
0.006281
-0.013039
0.004796
0.015051
0.033963
0.021375
0.031154
0.011133
-0.008085
0.006524
-0.020692
-0.025685
-0.011188
0.017806
-0.010913
0.012082
-0.005968
0.012790
-0.010584
0.004194
0.008421
-0.003845
0.005644
-0.006547
-0.004288
0.006436
0.002876
0.006041
0.007993
0.000913
0.002771
-0.012973
0.012275
-0.009768
0.005210
-0.022004
0.004376
-0.015282
0.004814
0.005541
0.002848
-0.006203
-0.000991
-0.010730
0.020662
-0.004041
0.003166
-0.002752
-0.007757
0.000262
-0.000077
0.006447
0.011949
0.002890
0.003213
-0.006122
0.008685
-0.001261
-0.001365
-0.000357
-0.004335
-0.000795
-0.007947
0.003782
0.008409
-0.018946
0.002987
0.009228
-0.005830
-0.020999
0.000629
0.005985
0.009860
0.016666
-0.000577
-0.003467
0.012762
0.001014
-0.007075
-0.002452
-0.007931
-0.007394
0.001495
0.005335
0.001032
0.001870
-0.001413
0.008996
0.006083
0.001676
-0.001962
0.006826
0.004053
-0.005176
-0.010079
-0.002426
-0.000662
-0.011418
-0.004235
-0.021045
0.016923
-0.012492
-0.008860
-0.000521
-0.007597
-0.006779
0.004646
0.023170
0.007119
0.004945
0.003782
0.026247
0.007767
-0.007684
-0.000407
-0.004372
0.003790
-0.001836
-0.003607
-0.006994
-0.003002
0.010666
-0.012651
0.006794
0.002390
-0.001369
0.007860
-0.005451
-0.007031
-0.008579
-0.006359
0.013273
0.000035
0.000413
-0.010321
-0.005606
0.010970
0.000599
0.006494
-0.001371
0.000511
0.003673
0.003953
-0.009423
0.008431
0.001363
-0.004687
0.003683
-0.002962
0.006689
0.016155
0.006614
-0.001976
0.004235
0.010379
0.008337
-0.008416
0.001989
0.004990
-0.012662
-0.017344
0.021630
0.003758
-0.006009
0.001512
0.004442
-0.008818
0.002926
0.009041
-0.013164
0.007794
0.008549
-0.010065
0.008564
-0.001671
-0.004726
-0.008706
-0.005364
0.001761
-0.000165
-0.015346
0.001901
-0.010897
-0.015313
-0.000527
-0.006383
-0.002759
-0.007419
-0.019369
0.013715
-0.001304
-0.001603
0.017543
0.006002
-0.001778
-0.004230
-0.001090
-0.012388
0.000021
-0.002719
0.002852
-0.005003
0.000767
-0.004671
-0.001005
-0.000966
-0.011630
-0.028900
0.016494
-0.004318
-0.001727
0.012666
0.006751
-0.000135
-0.004063
-0.002610
-0.006978
-0.007847
0.000186
0.002720
-0.003633
0.010693
0.004678
-0.011362
0.012289
-0.006032
-0.009431
0.012978
0.013217
0.006420
0.011843
-0.019735
-0.018541
0.021456
-0.017259
-0.027069
-0.008496
0.011762
0.015174
-0.001593
0.009575
0.009505
-0.001104
0.007944
-0.017156
-0.019589
-0.010629
0.005783
0.005195
0.002839
0.003144
-0.005132
-0.002332
-0.003738
0.001745
-0.012806
-0.001080
-0.012772
-0.012807
0.009842
0.004002
0.019617
-0.014973
0.003093
-0.004521
-0.001081
0.004724
0.015395
0.009128
-0.011034
-0.016433
-0.000767
0.009159
0.011560
0.002787
-0.006579
-0.002750
0.000238
-0.005038
0.000913
0.018498
-0.017845
-0.004606
0.010227
-0.005059
-0.000407
-0.006960
0.009318
-0.005751
-0.008533
0.004050
0.000578
-0.003190
-0.011775
-0.002365
0.008448
-0.011909
-0.013202
-0.002028
0.008224
0.006900
0.019178
-0.014470
-0.001630
-0.015703
0.011327
-0.000624
0.011082
-0.008404
-0.000567
-0.008214
0.010538
0.006147
-0.011302
0.005871
0.002359
-0.003634
-0.007684
-0.002461
0.001019
0.015775
0.015501
-0.005020
0.000366
0.005260
0.001855
-0.016188
0.012013
0.003172
-0.002734
-0.007923
0.012522
-0.002096
-0.014493
0.033577
-0.006018
0.003709
-0.016242
0.018139
0.011023
0.006877
0.011300
0.014197
-0.018973
-0.008064
0.001828
0.007594
0.003376
-0.007903
-0.000724
-0.015704
0.003581
-0.000128
0.012976
0.006510
0.003639
-0.012042
-0.007810
0.000640
0.002549
0.010960
0.008400
0.001943
0.006944
0.007717
-0.001933
-0.000486
-0.007468
0.001790
-0.004337
0.001132
0.008596
0.003063
-0.006484
-0.006857
-0.015904
-0.013386
-0.005797
0.020706
0.018551
0.007386
-0.000931
-0.029796
0.016156
-0.004065
-0.011127
0.005018
0.001814
-0.013532
0.020112
0.000138
-0.007310
0.015343
0.011617
-0.018936
-0.020817
0.011170
-0.001930
0.013801
-0.004029
0.001395
-0.004237
-0.005693
-0.003907
0.005536
0.001914
0.005786
0.005323
0.001178
-0.007980
0.004996
-0.000971
-0.000355
-0.005041
0.009405
-0.002872
0.007926
0.026589
-0.003534
0.004419
0.005619
-0.007571
-0.007402
-0.006124
0.001299
0.010058
0.008872
0.002191
-0.003011
-0.004646
0.005128
0.008799
0.001312
-0.009039
-0.000465
0.005905
-0.004704
-0.007813
-0.008358
0.012177
0.000019
0.004753
0.006061
0.001191
0.014043
-0.006086
0.002788
-0.000807
0.005553
-0.002509
0.005895
0.005713
-0.001416
0.004333
0.006247
0.008745
-0.000487
-0.007440
-0.005930
0.002577
-0.003303
0.000544
-0.005522
0.014762
0.026497
0.004732
-0.004212
0.001629
-0.002006
0.003667
-0.003518
0.002536
0.010057
-0.012723
0.007207
-0.001739
-0.009072
0.006351
0.013113
0.000047
0.009832
0.001765
-0.006726
0.004286
-0.002086
0.005358
-0.019010
0.001203
0.007674
0.003040
0.005446
-0.001508
0.000183
-0.001142
-0.002441
0.019520
-0.000735
-0.000989
-0.003312
-0.000435
0.000545
0.008048
-0.003475
0.022799
0.013258
0.011544
0.007533
-0.018721
-0.013649
0.016098
-0.016235
0.003955
-0.003960
-0.015146
0.008224
0.000754
0.003997
-0.004311
0.009619
0.003642
-0.002244
-0.001654
0.015155
-0.007535
-0.007095
0.002915
-0.003305
-0.021613
-0.004925
0.006946
0.007986
0.008199
-0.006332
0.006129
0.014369
-0.005510
-0.017450
0.012222
-0.001711
-0.005898
-0.005516
0.002543
0.012595
-0.005085
0.010112
0.001729
-0.009375
0.002159
-0.008469
-0.003470
0.003160
0.003259
-0.003580
0.007273
-0.015250
0.012513
0.005877
0.002054
0.001832
0.011493
0.009444
0.005414
-0.000567
0.006594
0.007190
-0.007741
0.009305
-0.000361
-0.000238
0.003533
0.002479
-0.000616
0.015738
0.004143
0.033876
-0.024107
-0.005567
-0.002030
0.001602
-0.003574
0.003003
-0.015326
0.018809
-0.007020
-0.008550
-0.009122
-0.005889
0.003053
-0.013004
0.001923
0.009929
0.005123
0.005737
0.000748
0.004843
-0.002408
-0.002990
-0.005298
-0.001516
0.007529
-0.000112
0.009391
-0.006422
0.002298
0.007593
-0.005742
-0.008420
-0.009814
0.008505
-0.003429
0.001236
-0.012387
0.000968
0.015235
0.001850
-0.020821
0.032408
0.003275
-0.020434
0.001321
-0.006135
-0.019115
-0.013517
-0.001943
-0.006397
-0.015521
-0.006574
0.000756
-0.004310
-0.003593
-0.003309
-0.001762
-0.004293
0.010171
0.010170
0.027944
-0.008055
-0.005587
-0.000292
-0.001349
-0.004147
0.011932
-0.007220
0.027844
-0.010055
-0.009454
-0.003335
-0.000276
0.003337
-0.026595
0.005079
-0.000802
-0.002331
0.002956
0.002071
-0.000218
-0.007128
0.000589
-0.033363
0.008511
0.009858
0.007463
0.009961
-0.005618
0.004195
0.005811
-0.004366
-0.001768
-0.006314
0.007651
-0.002311
-0.013895
0.006676
-0.007356
-0.003466
0.022374
-0.009000
0.003757
-0.006226
0.002604
-0.004512
-0.001274
0.004815
0.001376
-0.008372
0.001413
-0.003844
0.000153
0.008937
-0.031206
-0.007498
-0.008095
0.000788
0.003788
-0.006149
-0.000414
0.008148
-0.003799
0.002474
-0.002495
0.013698
0.008306
-0.012269
-0.014523
-0.003644
-0.000285
0.010776
-0.007593
0.006023
-0.021305
0.035322
0.015624
0.027807
0.013708
-0.009161
-0.008185
-0.001219
0.007784
0.001449
0.007073
0.000603
-0.011385
0.000905
-0.000928
-0.012929
-0.005567
0.009284
0.003887
-0.006303
0.004753
-0.004950
-0.003404
0.010831
-0.002013
-0.000576
0.011291
-0.007315
0.001520
-0.012021
-0.009763
-0.004392
0.007849
-0.000039
0.017803
-0.000963
-0.009250
-0.003642
-0.015496
0.000231
-0.002242
0.003139
0.009286
-0.003644
-0.001915
-0.021034
-0.005264
-0.021545
-0.005398
0.002392
0.012491
-0.000008
-0.003046
0.001639
-0.001132
0.001741
-0.010835
0.018358
0.015921
-0.001239
-0.020755
0.006664
-0.020944
0.002301
0.021758
0.014853
-0.006701
-0.003817
-0.005333
0.004066
0.005716
0.004375
-0.000599
0.018413
-0.012647
-0.012934
0.000877
0.008129
-0.005190
0.006692
0.005610
-0.009338
0.001541
0.012845
-0.013276
0.009940
-0.000394
0.001570
0.002421
-0.009784
0.008324
-0.008098
0.000766
0.002552
-0.021781
0.013582
-0.012375
-0.018426
0.001284
0.000417
0.010280
-0.006165
0.001676
-0.012849
-0.008071
0.002458
0.001603
0.005243
-0.019559
-0.011334
-0.001591
0.008171
0.003499
0.003250
-0.000719
-0.017397
0.006250
0.017454
0.002832
-0.010995
0.004075
-0.005868
-0.000659
-0.002530
0.014316
0.000114
0.004601
0.006014
-0.000124
-0.004414
0.005221
-0.009414
0.015130
-0.011105
0.001555
0.003916
-0.010402
-0.004334
-0.020255
-0.029667
0.004666
-0.009078
0.002274
0.014664
0.003910
-0.006189
-0.000179
-0.001545
-0.008912
0.000530
-0.010198
0.008711
-0.001716
0.005065
0.010107
0.002777
0.004818
0.005400
-0.014133
-0.011828
0.016232
0.001543
-0.004509
-0.004943
-0.015782
-0.000857
0.006210
-0.004097
0.004595
0.001953
0.014382
0.006533
0.010541
-0.005744
-0.013441
0.003744
0.006240
-0.010125
0.010442
0.000970
0.016190
0.009212
0.009990
0.002421
0.020520
0.003829
0.014676
-0.025004
-0.024849
-0.012285
0.010482
0.008851
0.004449
-0.001407
0.009924
0.010860
0.009739
-0.004428
-0.000576
-0.005901
0.008349
0.007643
0.000415
0.000232
0.006175
-0.016739
0.004069
-0.001401
-0.010928
-0.021179
-0.008983
-0.029029
0.004249
-0.017123
0.001185
-0.014058
0.011629
-0.024691
0.018470
-0.004653
-0.002948
0.002132
-0.015568
-0.010162
0.008816
0.000446
-0.000956
0.007570
0.007161
0.004408
-0.014018
-0.011254
-0.011768
-0.007357
-0.015164
0.004530
0.000211
0.013139
0.009823
0.025146
-0.004901
-0.014569
-0.014583
0.005594
-0.027941
-0.009733
0.014399
-0.009883
-0.002926
0.010735
-0.012163
-0.023673
-0.002163
-0.011797
0.015147
0.000249
0.005158
0.001026
0.003074
0.002739
-0.001271
-0.006299
-0.005189
0.008470
-0.001076
0.012374
-0.000239
-0.002744
0.014060
-0.003707
-0.007449
0.002117
-0.017340
-0.007280
0.001118
0.013636
-0.004521
0.004369
-0.026130
0.007129
-0.000101
0.013648
0.014128
-0.006161
-0.008312
0.000223
-0.011814
-0.005211
-0.010431
0.000744
0.006018
0.006941
-0.006105
0.007620
-0.010384
0.002269
-0.007655
-0.010811
-0.010059
0.007779
0.003695
-0.010985
-0.011492
-0.002920
0.001642
-0.000982
-0.001250
0.000989
0.013724
-0.000326
0.010021
0.007857
0.012653
-0.008082
0.008714
-0.003372
0.000493
-0.004602
0.004385
0.010679
0.002374
0.002931
0.000198
-0.006455
0.013058
-0.018447
0.004514
0.009985
0.003867
0.006071
0.014160
0.012759
-0.002998
0.002803
-0.005333
-0.008884
-0.007565
-0.008407
0.001670
0.012015
0.006902
0.003944
0.001588
-0.015045
-0.008296
0.011314
-0.000643
0.002834
-0.014879
0.028188
-0.006507
0.003633
0.017953
0.010501
0.013979
0.002378
-0.006142
-0.003965
0.003091
-0.007825
0.001188
-0.012704
-0.004208
0.003457
-0.001203
-0.008779
-0.002331
0.003701
-0.001089
-0.005198
-0.016355
-0.006664
0.017892
-0.008388
0.032007
-0.009806
-0.006521
0.006869
0.000431
0.003208
-0.008475
0.017848
0.007938
0.000324
0.008183
0.004938
-0.003012
-0.003319
-0.011650
-0.012072
0.003226
0.013981
0.000645
-0.001417
0.012384
-0.004436
-0.031633
-0.013397
-0.011393
0.001060
0.008052
-0.003067
0.004337
-0.004194
0.006733
-0.013082
-0.003896
-0.007827
-0.001982
0.008627
-0.002867
0.015646
-0.005912
0.005469
-0.001673
-0.011706
-0.010951
-0.029738
-0.022919
0.026593
0.005548
-0.005195
-0.002241
0.018886
-0.006108
0.005277
-0.007305
0.012493
-0.007604
0.000751
0.001851
-0.007755
0.030209
-0.013316
-0.001769
-0.002239
-0.012792
-0.004314
-0.011661
0.009428
0.005835
0.000271
-0.020918
-0.028499
-0.012546
0.014170
-0.003009
-0.006238
0.009494
0.014250
-0.005167
-0.005161
0.002077
0.012091
0.004392
-0.001417
0.008666
0.006736
-0.000625
0.007345
-0.002141
0.016440
-0.007437
-0.002904
0.011359
-0.002629
0.008329
-0.011032
0.006538
-0.013657
0.006932
-0.000184
-0.004683
-0.004784
0.011938
0.003851
-0.017799
0.003494
-0.001072
0.007898
0.015562
0.006143
-0.005523
0.010447
0.009954
0.021356
-0.008895
-0.008493
-0.009315
0.005393
0.003348
0.008187
-0.003997
-0.009214
0.000490
0.003892
-0.001976
0.009368
-0.000289
0.001499
0.003114
0.000576
0.000541
0.009613
0.006225
-0.012100
-0.001564
-0.011687
-0.002510
-0.010767
-0.007527
0.008221
-0.001139
-0.000401
-0.001482
-0.002043
-0.000393
-0.004962
0.001897
-0.014338
-0.006736
0.001738
-0.004835
-0.001582
0.010902
0.009408
0.004701
-0.002961
0.000555
-0.004502
0.001005
-0.012469
-0.011506
-0.018648
-0.006697
-0.001325
-0.000702
0.004884
-0.010347
-0.025136
0.007245
0.006074
-0.002031
0.000468
0.002367
0.008967
0.022386
0.014436
0.017160
-0.005467
-0.002787
0.000666
-0.002207
0.001839
-0.001933
-0.005142
0.015344
0.011662
0.011097
0.016227
0.008600
-0.000377
0.001404
0.010007
0.003094
0.012331
-0.007656
-0.005158
0.002869
0.007472
-0.009398
0.014455
-0.007968
0.003194
-0.001768
-0.004004
0.007539
0.009387
0.003960
0.008414
0.000510
-0.009087
0.005265
0.011650
-0.011752
-0.013142
-0.009848
0.001051
-0.010819
0.000603
-0.026578
-0.005444
0.001092
-0.008047
0.002504
-0.009530
-0.002431
0.010808
-0.006924
0.004930
-0.010502
0.002281
-0.000539
0.002774
0.008044
-0.009394
0.031497
-0.008532
0.000667
-0.002453
-0.004662
0.009546
-0.016496
0.010054
-0.004964
0.005721
0.003212
0.002890
0.004882
0.005547
-0.002756
-0.002024
0.004862
0.033882
0.006862
-0.002383
0.000996
-0.003688
0.005700
-0.000444
0.010116
0.019938
-0.008099
0.000500
0.009325
0.006362
-0.007935
-0.003164
0.005209
0.004386
0.011965
-0.008035
-0.000613
0.024360
-0.039343
0.012755
-0.000518
0.009108
0.012550
0.007099
-0.000240
0.013864
-0.012762
-0.011003
0.002770
0.002251
-0.012957
0.005278
0.011145
-0.014970
-0.007948
-0.005924
0.013200
-0.015199
0.029467
0.018661
0.001755
0.009966
0.001542
0.012786
-0.013453
-0.000698
0.008116
0.000922
-0.015418
-0.011372
-0.004223
0.012381
-0.019213
-0.002353
0.005787
0.002163
-0.012471
-0.006535
0.016105
0.003460
0.007027
0.019191
-0.002471
0.006459
0.003047
-0.002209
0.000924
0.016805
-0.009428
-0.009274
-0.003737
0.001700
-0.009844
0.001883
0.001013
0.003000
0.011671
-0.010103
0.003336
-0.000671
0.004364
0.006144
-0.002464
0.005029
-0.018660
0.003409
0.004906
-0.001505
-0.017806
0.023937
-0.009601
-0.009347
0.004053
0.003868
0.001323
-0.001029
-0.004036
0.005805
0.005576
-0.026505
-0.011876
-0.000586
0.005554
-0.000682
0.014989
0.008252
0.000987
0.006108
-0.004837
-0.007084
0.006964
-0.003071
0.000427
0.001932
-0.011145
-0.001267
0.002292
-0.011336
0.001169
-0.006791
-0.002438
-0.002373
-0.002988
0.010681
0.007691
-0.001249
-0.014642
-0.008961
0.002128
-0.000186
-0.003473
-0.003586
-0.010012
-0.004256
0.000333
-0.002184
0.016712
0.005795
-0.035973
0.007366
0.003155
0.010432
0.001030
-0.014712
0.005047
-0.012645
0.004721
0.002961
-0.000416
-0.002697
-0.015091
0.001133
0.008701
-0.003211
0.000488
-0.000744
-0.008529
-0.006255
-0.001402
0.003926
0.005864
-0.005412
-0.001455
-0.008420
0.007177
0.033889
-0.006545
-0.025252
-0.013759
0.001053
-0.009632
-0.007122
0.002965
0.004696
-0.001609
0.011107
0.007299
-0.003506
-0.008157
-0.004981
-0.003321
-0.008150
0.011871
-0.014041
-0.015155
0.005094
-0.006224
0.017069
0.010827
0.003505
0.005905
-0.000391
0.007508
-0.000748
0.002341
0.008042
-0.005436
0.000652
-0.011788
-0.004454
0.008534
-0.007692
-0.001882
0.019356
-0.009757
0.005157
-0.010711
-0.003177
-0.003214
-0.010142
0.017545
0.007103
-0.020537
0.000594
0.004579
-0.005386
-0.002204
-0.009374
0.035823
-0.000750
0.003117
-0.006741
0.001770
-0.014723
-0.005977
0.004479
0.020364
-0.006705
0.013152
-0.002305
-0.000986
-0.049028
-0.005545
-0.002374
0.003626
0.006249
0.010416
-0.008446
-0.006574
0.004636
0.013030
-0.003300
0.000476
-0.018946
0.013266
0.016982
0.011379
0.009076
-0.005925
0.000518
0.009375
-0.002933
-0.010160
-0.004448
-0.009269
-0.002131
0.001808
0.013362
-0.001491
-0.008741
0.007486
-0.001914
-0.010950
0.001522
0.009581
-0.007205
-0.015867
0.022539
0.010153
-0.001511
-0.013384
0.008203
0.001227
-0.001990
-0.001576
0.005886
0.001531
-0.007382
0.007626
-0.005278
0.004040
-0.008519
0.000030
-0.013238
0.001258
0.008133
-0.000301
0.001695
-0.012026
0.012078
-0.019811
0.024077
0.027283
-0.019291
0.010572
0.001297
0.001862
0.007380
0.001268
0.014036
0.004668
0.004281
-0.018768
-0.008620
0.002676
-0.009920
-0.007820
0.009251
0.004505
-0.001322
-0.003778
0.003563
0.052748
-0.015119
0.001146
-0.003798
0.005073
-0.002879
0.003567
-0.001300
-0.008307
-0.010677
-0.001584
0.007298
0.000174
-0.006956
0.001510
-0.007526
0.020219
-0.006983
-0.003333
-0.007218
0.003356
-0.003425
0.010964
-0.019421
0.004057
0.013498
0.010297
0.005192
0.004136
0.012043
-0.006964
0.028583
-0.004508
-0.006129
-0.008791
-0.000066
0.007955
0.024211
-0.004543
0.000619
-0.012595
-0.014130
-0.013487
0.006427
-0.001944
0.004952
-0.002281
0.003138
0.008208
0.005050
0.003416
0.011135
-0.010951
0.009067
-0.007043
-0.022049
-0.002461
-0.008229
0.012533
0.002075
-0.002545
-0.001029
-0.004207
0.004360
0.007408
-0.011010
-0.009225
-0.004665
-0.014555
0.006216
0.004437
-0.015464
-0.013632
-0.013935
0.001751
-0.005864
0.000220
0.019226
0.006244
0.012859
0.009901
0.006803
-0.000668
0.007269
-0.014603
-0.001393
-0.005408
-0.008861
0.004179
0.004694
0.003988
0.027258
-0.014668
-0.009905
0.006770
-0.004173
-0.006453
0.006699
-0.004729
-0.001368
0.026811
-0.000415
0.001589
-0.002873
-0.005898
-0.003754
0.012151
0.006487
0.002595
-0.010556
0.005953
0.006810
0.003094
0.008748
-0.016442
-0.014171
0.005574
0.010784
-0.000095
0.007955
0.009159
0.003667
-0.005326
-0.008368
-0.011055
-0.014710
0.022779
0.000180
0.007179
0.005033
0.005129
-0.009199
0.004113
0.001886
-0.000158
-0.003845
0.016505
-0.007963
-0.005887
0.007900
0.002223
0.028860
-0.000944
0.006224
-0.006411
-0.008826
0.004433
0.028873
-0.010711
-0.013112
0.006240
0.007360
-0.005465
-0.020888
-0.008547
-0.003628
-0.011112
0.015740
0.020876
-0.008425
-0.007509
0.002621
-0.004327
0.011814
-0.001274
-0.014204
-0.005412
-0.001070
-0.007416
-0.008325
-0.014358
0.002145
-0.007210
0.018619
0.003317
0.003335
0.000705
-0.012129
-0.007999
0.006518
-0.007723
0.008044
-0.006133
-0.011091
-0.008632
-0.003847
-0.002154
0.008066
0.030590
-0.009253
-0.002591
0.006482
-0.010830
-0.010199
0.004190
0.006347
-0.023516
0.004513
-0.034233
-0.007579
-0.001757
-0.002207
0.000640
-0.000507
0.008836
-0.004061
0.016096
0.000563
0.008067
0.008625
0.002908
-0.014936
-0.016235
-0.014353
-0.002973
0.008766
-0.017663
-0.005370
-0.011809
-0.005014
0.009855
0.010083
0.011730
-0.000553
0.002332
-0.002703
0.008556
-0.003759
0.002703
0.007722
0.010592
-0.011802
0.028910
0.009456
0.036742
-0.022978
-0.003028
-0.007177
0.006941
0.008183
0.001031
-0.011387
0.005387
0.014933
0.000733
0.001570
-0.003047
0.006058
-0.011996
0.010525
0.021314
-0.022962
0.003657
-0.004719
0.002930
-0.010961
0.007677
-0.002013
-0.007719
0.002271
0.002915
-0.001342
-0.007008
-0.018704
-0.005366
0.013771
0.009109
-0.007862
0.004285
0.015003
-0.017847
0.004997
-0.013189
-0.002624
0.005629
0.010321
-0.000267
-0.000343
0.013080
0.017017
0.002521
0.006905
-0.014713
0.001237
-0.016458
0.007452
0.015416
-0.020858
0.010316
-0.005481
0.001560
-0.005417
0.004140
-0.009479
-0.007998
-0.001412
-0.010740
-0.012587
-0.003506
-0.004995
0.015316
0.001958
-0.010425
-0.002998
0.007368
0.004919
-0.007022
0.000974
-0.005479
-0.004782
0.013571
-0.008376
0.006094
-0.001702
0.005219
-0.002987
0.006811
-0.003069
0.008430
0.006757
-0.007833
-0.004476
-0.018101
0.013353
0.018669
-0.009327
0.006693
0.003682
0.007500
-0.006867
-0.009893
-0.016371
0.005447
0.009403
0.006900
0.003986
0.008090
0.004474
-0.004159
0.006007
0.011734
-0.002837
0.016703
0.002987
0.014911
0.001658
0.016086
0.004160
0.016579
0.018141
0.017490
-0.007186
-0.000733
-0.004810
0.003995
-0.012765
0.000707
0.003650
0.031015
-0.000606
-0.010372
0.004829
-0.003118
-0.000951
-0.009766
-0.000807
0.013674
0.009809
0.007011
-0.009798
0.024715
-0.003037
-0.002094
0.001311
0.005022
0.000100
-0.004290
0.006152
0.000518
-0.021035
0.020329
0.006623
-0.015616
0.012559
0.016795
0.005538
-0.000216
-0.007121
0.003981
-0.001967
0.007345
0.004398
-0.005964
0.008970
-0.011433
0.016351
0.015671
-0.014082
0.006754
0.006177
-0.021532
0.038522
-0.001539
-0.010437
-0.009974
-0.001139
0.004840
-0.006695
0.002201
0.006184
0.012594
0.010650
0.025453
-0.020512
-0.004606
-0.008903
0.003276
0.004230
-0.003913
0.012115
0.003833
-0.012954
0.001618
-0.004475
0.006756
0.003538
-0.011902
0.019416
-0.020655
0.010464
-0.004363
0.011664
0.005132
-0.013773
-0.010717
0.005649
-0.012848
0.000682
-0.009657
-0.002645
-0.009664
0.003712
0.003547
-0.004662
0.005987
-0.002961
-0.004735
0.007259
0.003463
0.015378
0.011161
-0.016885
0.007538
0.014192
-0.002704
-0.012346
0.004149
-0.010771
-0.008053
-0.014060
-0.000480
0.006228
0.028622
0.010406
-0.008593
-0.002431
-0.003671
0.029741
0.013586
0.000776
-0.008443
-0.002207
-0.004580
0.002521
0.008259
-0.001909
-0.002108
-0.001016
0.007886
0.006297
-0.003412
-0.001365
-0.001915
-0.016175
0.002699
-0.004313
0.017069
-0.003977
-0.006759
0.016969
0.027250
-0.006491
-0.003990
0.000071
0.000131
0.003056
0.008107
0.010708
-0.000731
-0.005813
0.006115
-0.004598
0.011762
-0.003513
0.004124
0.013168
-0.017727
-0.007100
-0.005660
0.003017
0.017504
-0.012513
0.002884
0.000816
0.001745
-0.003383
-0.006202
-0.010773
-0.009551
0.018915
-0.000427
0.030075
0.023269
-0.031733
-0.031485
-0.012668
-0.000693
0.009470
0.011185
-0.002221
0.004641
0.003026
0.016412
0.001892
-0.006925
-0.002160
-0.004699
0.010315
-0.010730
0.011199
0.002927
-0.004190
0.000520
-0.005095
-0.001760
0.021112
0.011969
0.005243
-0.010406
-0.001292
0.001007
0.005449
0.008308
0.006987
-0.008240
0.010111
-0.007779
-0.002498
0.009543
-0.005769
-0.006178
0.016662
0.005151
0.000722
-0.011837
-0.013121
0.013798
0.007203
0.019605
0.007500
-0.004341
0.001623
0.004366
-0.026767
-0.010123
0.012942
-0.017723
-0.010042
-0.011238
0.001842
0.009822
-0.008549
0.000232
-0.001111
0.004320
-0.012538
-0.002705
0.009635
0.014787
0.001155
-0.007004
0.005074
0.007197
0.005769
-0.013978
0.017250
-0.001026
-0.000636
-0.013287
0.006664
0.004080
-0.012718
0.002506
-0.015822
-0.005110
0.006921
0.006944
-0.000795
-0.002246
-0.004874
0.015083
-0.000246
0.001511
0.005949
-0.008199
0.010307
0.004867
-0.007671
-0.008485
0.000488
-0.010423
-0.002862
0.001392
-0.012744
0.006477
0.003574
0.008009
0.017910
0.010474
0.002284
-0.006301
-0.008294
-0.002336
0.008134
-0.000783
-0.004918
0.006807
0.006444
-0.011992
-0.000818
0.006941
0.006586
0.009070
-0.001331
0.004461
-0.008730
0.000868
0.010971
0.005837
0.008236
-0.008276
0.010784
-0.007503
0.019947
-0.003723
0.002911
-0.002047
0.005871
0.000223
0.006662
0.006646
0.007145
0.005155
0.007518
-0.012997
0.021413
0.023811
0.003663
-0.002247
0.005264
0.006745
0.008148
-0.003366
0.007349
0.001536
0.024750
-0.007383
0.029515
-0.009870
0.003457
0.001758
0.008037
-0.018481
-0.018881
-0.002511
0.000120
0.003531
0.004885
-0.002293
0.000497
-0.000559
-0.000089
-0.003112
0.012540
-0.037818
-0.008508
-0.009446
-0.003190
-0.004103
0.013563
0.010525
0.013826
-0.007523
-0.006475
-0.000686
-0.011718
-0.011858
-0.003427
-0.011573
-0.008704
0.001025
0.004636
0.007107
0.002317
-0.005524
0.000464
0.022965
0.016279
0.004991
-0.014110
0.000751
-0.003072
0.004381
-0.001493
-0.004056
-0.006863
0.006878
0.002811
-0.024349
-0.004151
0.005256
0.002804
-0.002678
0.003456
0.006198
-0.000871
-0.004082
0.008864
-0.009632
0.013307
-0.004745
0.005921
-0.011914
-0.003968
0.000785
0.006036
0.010852
-0.010724
-0.010562
0.010740
-0.012193
0.004137
-0.006847
0.006671
0.010911
0.003540
-0.013588
-0.001461
-0.007426
0.003973
-0.005631
0.003930
0.006544
0.001199
0.000768
0.008742
0.002855
-0.006368
0.004592
0.010169
0.011658
0.019684
-0.004641
-0.005273
0.001470
0.007155
-0.013690
0.007933
0.004879
-0.009556
-0.001493
0.001150
-0.006965
-0.003452
0.009036
0.002622
0.008153
-0.004601
-0.009215
-0.004063
-0.003140
0.010541
-0.007345
-0.008623
0.004475
0.004351
-0.017080
0.000231
0.005571
-0.001118
0.000972
0.000927
-0.000586
0.022212
0.012123
0.014675
-0.003464
-0.010737
-0.001741
0.006617
-0.002715
-0.002957
-0.010284
-0.020064
0.014633
0.011631
-0.011223
0.003248
-0.015563
-0.003227
-0.009858
-0.009352
-0.012031
-0.001374
-0.003483
-0.000225
-0.005053
0.004590
-0.009453
-0.012867
0.010746
0.005202
-0.013606
0.002694
-0.002138
-0.006397
0.007477
-0.018004
0.008104
-0.012168
-0.004273
-0.007554
0.005018
0.001581
-0.004592
0.006373
-0.029248
0.001517
-0.009500
0.007602
0.001637
-0.000660
-0.008919
-0.004884
-0.000119
0.004060
-0.006198
-0.008512
-0.002403
-0.005178
-0.008158
0.006188
0.016585
0.021469
-0.012492
-0.009746
0.000912
0.000797
0.013916
0.001402
0.018066
-0.017303
-0.005883
-0.000966
-0.008411
-0.008294
0.020189
0.004494
-0.000723
0.009744
-0.028207
0.029771
-0.008422
0.012730
0.013778
0.016768
0.002088
0.015483
-0.003840
-0.002144
-0.001072
-0.013889
0.003984
-0.010339
0.023225
-0.013957
0.005905
0.002800
-0.002449
0.004440
0.001854
0.004027
0.005379
-0.014541
-0.006011
-0.003667
-0.008777
0.000520
0.004201
-0.002495
-0.005795
0.008018
0.006927
-0.014665
-0.002784
-0.001970
-0.001312
-0.013231
-0.003480
-0.006938
0.008815
-0.000836
0.008741
-0.000963
0.003681
-0.006605
0.006180
0.002184
-0.001469
-0.012363
-0.022012
-0.003342
0.001746
-0.007977
-0.006034
-0.003100
0.014906
0.014607
-0.012342
0.009478
-0.006743
0.011633
-0.000246
-0.009797
-0.007763
0.000141
-0.005853
0.006304
0.004210
-0.003960
-0.012241
-0.003510
0.015182
-0.013065
0.007556
0.006715
0.007656
0.006539
-0.009279
-0.002161
-0.003718
-0.002754
-0.001007
-0.005528
0.007525
0.011886
-0.006080
0.016480
0.004060
0.008254
-0.002364
-0.004735
-0.010691
-0.001430
-0.004250
0.000633
-0.016667
-0.006699
-0.015570
0.012499
0.006127
-0.014500
0.006660
-0.023726
0.020114
-0.001436
0.006741
-0.015823
-0.038031
0.005297
-0.012192
0.012981
0.002434
0.004572
0.004969
-0.005810
0.016465
0.027249
0.009888
0.006323
0.003238
-0.009266
-0.000716
0.018765
-0.012718
-0.006527
0.016793
0.007217
-0.023499
-0.007940
0.013686
-0.001658
0.006911
0.006477
-0.006358
-0.013517
-0.004278
0.000411
0.010474
0.019691
-0.000689
0.005879
0.008891
-0.000095
-0.007766
0.003052
0.002211
-0.003681
-0.003574
0.003317
-0.003951
-0.004801
-0.000970
-0.007661
-0.008417
0.001021
-0.009196
0.012347
0.020155
0.001426
-0.022691
0.004859
-0.002905
-0.001483
0.002796
0.011110
-0.002688
0.022700
0.001732
0.005093
0.031097
0.006609
-0.004931
-0.002901
0.006061
-0.003932
-0.001664
0.008960
0.000687
-0.005149
0.001440
0.006563
-0.004551
0.004083
0.002417
0.000819
-0.003608
0.009759
0.009101
0.002239
0.001368
-0.007452
-0.012520
0.001563
0.004934
-0.011323
-0.001948
0.002322
-0.017606
-0.006789
-0.032330
0.010053
-0.007206
-0.007147
0.006007
0.004552
0.000527
0.006428
0.002179
0.003277
-0.000803
0.013151
0.000107
0.002126
-0.005520
0.010218
0.010444
0.000906
-0.016313
-0.005622
0.006353
-0.008785
0.009121
-0.004992
-0.005215
0.011263
0.003151
0.008756
-0.020607
-0.013935
0.018344
0.007175
-0.011028
0.011117
-0.008875
0.005331
0.024509
-0.005052
0.011835
-0.008659
-0.000354
0.003124
0.006943
-0.012091
0.003562
0.005091
-0.008636
0.000357
-0.009808
-0.010338
-0.004216
0.004053
-0.008745
0.034037
-0.004312
0.001925
0.006660
0.000333
0.001159
0.020186
0.005061
-0.010145
-0.000257
-0.000800
-0.011214
0.008505
0.011005
-0.006089
-0.009593
-0.020095
-0.003927
0.009085
0.000426
-0.009761
-0.002641
0.009028
-0.010121
0.002941
-0.010584
-0.002178
-0.000590
-0.005713
0.008990
-0.008995
-0.010582
0.007460
-0.003416
0.005374
-0.007399
0.000980
0.001233
0.005698
-0.000675
0.007412
-0.002364
-0.000774
0.011855
-0.001199
0.004331
-0.001861
-0.009646
0.003780
0.004946
-0.002212
-0.013600
-0.014767
-0.000504
-0.009398
-0.002764
0.015202
-0.002891
-0.005222
-0.010742
0.012788
0.008746
-0.006977
-0.006148
-0.004435
0.003932
-0.016592
-0.005236
-0.008749
-0.004415
-0.000487
0.008457
-0.012875
0.018618
-0.005594
0.015411
0.003550
0.004495
-0.002184
0.007063
-0.002076
0.002404
0.000147
-0.007950
-0.003201
0.001791
0.003896
-0.012283
0.020557
0.005562
-0.001763
-0.001411
-0.004027
-0.003839
0.016675
-0.013461
0.017432
0.002379
-0.008063
-0.000024
-0.004246
0.010296
0.007686
-0.000467
-0.009251
0.017783
-0.003987
-0.010461
-0.000061
0.004761
0.008575
0.009267
0.001779
-0.009643
-0.004258
-0.009222
0.017958
0.000824
-0.008730
-0.002680
0.005822
-0.006219
-0.004824
-0.020456
-0.016094
-0.018908
0.011085
-0.001915
0.006540
-0.003289
0.003973
0.000827
0.002161
0.001549
0.003116
-0.000762
0.007887
-0.006214
0.005640
-0.013242
-0.007163
-0.006359
-0.000297
0.000287
-0.002368
0.018749
-0.016277
0.009214
-0.005944
0.008984
0.009153
0.011507
-0.011458
-0.007656
0.015113
-0.012721
0.000414
-0.008937
0.007785
-0.009762
0.005790
-0.013964
0.002816
-0.015889
0.041530
0.002839
-0.009747
0.001787
0.008259
0.004262
0.012426
-0.011191
0.003315
0.012049
-0.009041
0.004705
-0.005414
-0.013953
-0.013627
0.003867
0.005066
-0.001000
0.004109
-0.006232
-0.036199
0.027659
0.006639
0.009886
0.001054
-0.011542
-0.006037
0.011314
-0.009181
0.003877
-0.008422
-0.012801
0.000193
0.002880
-0.001007
-0.011403
-0.013721
0.005782
0.003940
-0.023059
0.001329
0.001545
-0.008261
0.006533
0.004286
-0.018589
0.008681
-0.000903
-0.004735
-0.028422
0.009158
0.001362
-0.005108
0.008206
0.022187
0.003847
-0.000675
0.000410
0.054834
-0.003281
-0.016318
0.007107
-0.001514
0.000219
-0.011304
-0.010952
0.004911
0.010863
-0.007542
0.004743
0.001920
-0.016175
0.017858
-0.003174
0.009333
-0.006367
-0.010045
-0.002131
0.004980
-0.014520
0.003037
0.006623
0.008962
-0.006742
-0.000901
0.003268
-0.004498
-0.020411
-0.002808
0.004704
0.006038
-0.006872
0.001939
0.000785
-0.003764
0.004679
-0.029755
0.009613
0.011844
0.003886
0.000841
-0.005301
0.003891
0.019230
0.006272
-0.010992
0.008340
0.016983
-0.000759
-0.004191
-0.007624
0.003081
0.006277
-0.009532
-0.002424
0.002057
-0.004895
0.000530
-0.013480
0.002878
-0.005970
0.006817
0.007580
0.009952
0.003521
0.007070
-0.011394
-0.021861
-0.006149
-0.022351
-0.005133
-0.002856
-0.000751
-0.013149
-0.000106
0.002638
-0.001242
-0.007933
-0.008762
-0.000783
-0.019379
0.015413
-0.001949
0.003387
0.010949
0.014121
0.007232
-0.005033
-0.015307
0.000100
-0.007038
-0.004011
0.008182
0.011481
0.017307
-0.014136
0.016069
0.008108
-0.013058
0.029082
-0.000765
-0.010045
0.007953
-0.022921
-0.011083
0.008178
0.004913
-0.004574
0.000840
0.002194
-0.009845
-0.010577
0.007377
-0.010398
0.002374
-0.005017
-0.003393
0.016478
-0.003655
-0.010417
0.002746
-0.025127
0.001344
-0.000006
0.011571
0.009203
-0.008504
0.001714
-0.010836
-0.012649
0.012479
-0.011115
0.007250
-0.000839
0.001139
0.011897
0.001256
-0.004793
0.003010
-0.004277
0.012388
-0.003942
0.002454
0.007829
-0.007218
0.000686
0.002371
0.009482
0.001349
0.004315
0.012062
-0.011494
0.012141
0.017203
-0.012632
-0.009351
-0.015819
0.011463
0.009044
0.002123
-0.000317
-0.011618
0.000263
-0.001856
-0.004903
-0.012418
0.007916
0.003980
-0.002670
-0.009513
0.003651
-0.002010
0.011157
-0.004145
0.011324
-0.009954
0.008455
-0.007255
0.003992
0.002047
0.005541
0.000956
0.002981
0.003326
0.003540
-0.023504
-0.001821
0.006091
0.000097
-0.000788
0.010774
-0.005412
-0.000271
0.011489
-0.036695
0.000170
0.011304
0.001552
-0.002408
-0.004539
-0.015487
0.005957
-0.007862
-0.014935
-0.014298
0.006367
-0.000931
-0.005075
-0.006888
-0.002375
0.004656
-0.009243
-0.008822
-0.012804
0.010881
-0.000781
0.029960
0.003653
0.013166
0.012243
0.001002
-0.007772
0.011856
0.005373
-0.005942
0.003772
0.016694
0.013201
-0.008656
0.002108
0.003642
-0.005459
-0.008502
-0.010884
0.004365
0.001341
0.004855
-0.000141
0.003794
-0.000722
0.013301
-0.010329
0.002196
0.008309
0.013702
-0.006655
-0.008692
0.011682
0.009123
0.007002
-0.001248
-0.004932
0.004578
0.012285
-0.000419
-0.000336
0.020521
-0.002264
0.000769
-0.000202
0.008506
-0.003437
-0.003972
0.000996
-0.011840
-0.008035
0.000147
0.005953
-0.002775
-0.002872
0.033061
-0.042246
0.002008
-0.000846
-0.013794
-0.003160
0.018802
0.003039
-0.010651
-0.001256
0.000117
-0.000862
0.004472
-0.005859
0.013985
-0.001768
-0.007721
-0.008461
0.014089
-0.012977
-0.002620
0.000959
0.022845
-0.004095
0.015877
-0.009811
-0.003873
0.016578
-0.005312
-0.006609
0.001785
-0.013352
0.000657
-0.006467
-0.008829
0.005755
0.007128
0.002419
0.000681
-0.009255
-0.000897
0.015196
-0.007253
-0.002057
-0.002712
0.001559
0.006554
-0.006304
0.005196
-0.002449
0.010119
0.001374
0.003184
0.006192
0.006053
0.000114
-0.001060
0.011666
0.000141
0.003646
0.010108
-0.001724
-0.029156
-0.006309
0.000839
-0.015462
0.014538
0.008485
0.005768
0.007863
0.015485
-0.015028
0.006878
0.006533
-0.006272
-0.007167
-0.007172
0.003148
-0.008801
-0.002577
-0.004575
-0.006110
-0.005857
-0.005747
-0.009508
-0.003515
0.006337
-0.001897
0.003754
-0.007038
-0.009290
-0.014269
0.007269
-0.003317
-0.002218
-0.005107
0.000751
0.007939
-0.011595
0.014169
-0.007398
0.004026
-0.001919
0.012811
0.003254
-0.000233
-0.006641
0.020964
0.008512
0.006939
0.009546
0.005746
0.013969
0.000172
0.000959
0.002472
0.002511
-0.003647
-0.006468
-0.002585
-0.002105
-0.002851
0.007486
-0.009419
-0.009288
-0.003314
0.003411
-0.013296
0.009796
0.017386
0.010458
0.000744
0.000292
-0.015341
-0.003447
-0.002143
0.002913
-0.000938
0.003624
-0.001771
0.006872
0.011426
-0.007954
0.005323
0.000022
-0.004362
0.008989
-0.026414
0.005309
-0.013104
0.006810
-0.004205
0.001428
0.007239
-0.005537
0.002738
-0.000996
0.001181
0.014874
-0.010866
0.009454
0.008176
-0.015847
-0.012379
0.012244
0.002940
0.015070
0.007338
0.004225
0.003153
-0.001452
0.014712
0.012369
-0.005162
-0.000462
0.006610
-0.001466
-0.003552
0.003234
-0.018825
0.015074
-0.007416
0.000578
0.015795
0.000395
0.000035
-0.010183
-0.001956
0.004995
-0.007142
0.006549
-0.018281
-0.010665
0.005045
0.021633
0.012885
0.001775
-0.004733
0.000584
-0.018756
-0.005171
0.008458
-0.001749
-0.014133
0.000202
-0.002478
0.009898
0.002938
0.006001
-0.020285
-0.011681
0.008651
0.022062
0.008609
-0.013520
-0.013482
0.017780
-0.000330
-0.011819
-0.007367
-0.012647
0.016342
0.004708
0.000613
0.016625
0.001704
0.007652
0.000269
0.009672
0.007686
0.002433
0.004689
-0.010695
-0.005466
0.001516
0.017431
0.002835
-0.014843
0.007435
0.000938
0.027985
-0.015346
0.014449
0.016807
0.000288
-0.001971
0.000975
-0.017986
-0.003752
-0.006625
-0.022928
-0.007311
0.007832
0.021172
0.003786
0.002119
-0.002082
-0.007692
0.005804
-0.012160
-0.008336
0.008685
0.010863
-0.000403
0.015199
0.024774
-0.015252
0.005501
0.013765
-0.000604
0.011849
0.002186
-0.019024
-0.004470
-0.000142
-0.001224
-0.012606
-0.005335
0.013154
-0.002525
0.008818
0.009631
0.008992
0.008891
-0.002215
0.007396
-0.012378
0.003120
-0.004892
0.016590
-0.002864
-0.003961
-0.007606
0.013284
0.008167
-0.003148
-0.004290
0.029793
0.003200
-0.009951
-0.000466
0.003911
0.009121
0.000339
0.009427
-0.012155
0.007970
0.004349
0.015895
-0.003771
0.004048
-0.005039
0.004542
0.014000
-0.008476
0.000684
0.013625
-0.006770
-0.007752
-0.000227
0.015298
0.028337
-0.002661
-0.010241
0.017765
0.002734
0.011410
-0.005214
0.000430
-0.000105
-0.016327
-0.008210
0.005150
-0.006337
-0.013994
0.013599
0.005022
-0.007643
0.010287
-0.001902
0.002298
0.007901
0.025678
-0.013577
-0.000478
0.002891
-0.001539
-0.011311
-0.006150
-0.001182
-0.006050
-0.006567
0.008449
0.008926
0.005052
-0.019239
0.011383
0.006415
-0.004258
-0.014250
-0.002869
-0.001519
-0.005900
0.000549
-0.017991
-0.013510
0.015072
-0.009522
-0.001712
0.001002
-0.004582
-0.005394
0.016049
0.000851
0.007730
-0.004043
0.000259
-0.008115
0.006437
-0.008805
0.011732
-0.008361
0.002194
0.007542
0.001728
-0.003305
-0.003922
-0.003930
0.002346
0.012070
0.009631
-0.020051
-0.014349
-0.023325
0.001545
-0.007883
-0.006593
-0.006375
-0.008940
0.007918
0.008173
0.004184
-0.006920
-0.006354
-0.005340
0.008299
-0.004750
-0.019036
-0.021737
-0.010064
0.017065
-0.005328
0.012324
0.000520
-0.007253
0.010191
0.001811
-0.008201
0.000832
0.007730
-0.007357
0.017715
-0.009475
0.016401
-0.003025
-0.017459
-0.008927
0.011082
-0.011254
0.002349
-0.009338
-0.014489
-0.015176
0.010112
-0.010349
0.004839
-0.003828
-0.008509
-0.005956
-0.002633
-0.009776
0.011873
0.000320
0.017279
0.006937
0.020887
-0.015300
-0.003224
0.011060
0.001944
0.003577
-0.018006
-0.029259
0.017773
-0.004044
-0.006152
0.001212
0.006456
0.003343
-0.001107
0.005119
-0.021472
0.006051
-0.002804
-0.001762
-0.000639
-0.003521
-0.004561
-0.003193
-0.015443
0.014211
0.003619
-0.003477
0.009669
0.002678
-0.021525
0.004110
0.012049
-0.006412
-0.005852
0.006067
-0.023120
0.015002
-0.013283
-0.007366
0.002964
0.013284
-0.002553
0.000264
0.023146
-0.006113
0.000522
-0.005482
-0.013187
0.008079
-0.021093
-0.003438
0.001351
0.006307
0.012922
0.009105
-0.013851
0.006447
-0.007252
-0.003604
0.000511
0.001711
0.008208
0.007546
-0.006051
0.003619
-0.004342
0.001009
0.000248
-0.017114
-0.010907
-0.002453
-0.007899
-0.015407
-0.000611
-0.007922
-0.010899
-0.014673
0.010501
-0.008380
-0.008429
-0.022901
0.007952
-0.010259
-0.007603
-0.000652
-0.002202
-0.005098
0.013927
0.004473
0.005259
0.011487
0.008526
-0.004313
0.006867
-0.001343
-0.005522
0.012476
-0.007239
0.001027
0.006589
0.017509
-0.004395
-0.024507
0.010697
0.014257
-0.012383
-0.000029
-0.028223
-0.004544
0.013389
-0.007100
-0.003703
0.001475
0.001169
-0.005081
-0.009638
0.004590
0.000393
0.004275
-0.007616
0.005732
0.007345
-0.012194
0.000492
-0.004453
0.003348
-0.003561
0.003017
0.001681
-0.004438
0.001866
0.000037
-0.001871
-0.004216
-0.000040
-0.000759
-0.000874
-0.008630
-0.017227
-0.009122
-0.004639
-0.011922
-0.003595
-0.006317
-0.001124
0.001821
-0.008199
-0.011860
-0.009651
-0.005594
0.004507
-0.006281
-0.006833
-0.003428
0.010520
-0.006162
-0.001277
0.010493
-0.015434
-0.004921
-0.002708
0.001051
-0.003682
0.004325
0.009866
0.011444
-0.006118
-0.002521
-0.010215
-0.026714
0.012572
0.016977
0.001298
-0.005332
-0.003634
-0.011607
-0.002400
0.002416
-0.001521
-0.013819
0.006355
-0.008372
-0.025343
-0.001079
-0.012968
0.004344
-0.004240
-0.014902
-0.002809
0.000059
0.002165
-0.003949
-0.006079
0.001531
-0.002157
0.003561
-0.008876
0.002712
0.002919
0.006524
-0.002161
-0.014196
-0.003537
-0.005686
-0.011387
0.009881
0.005493
0.011733
0.016084
0.007996
-0.016816
0.016394
-0.004824
0.004516
-0.006347
-0.000295
-0.003278
0.015760
-0.015761
-0.009780
-0.010693
0.012228
0.007045
0.000474
0.009096
0.002570
0.001822
-0.005919
-0.011728
0.005538
0.010203
-0.009177
0.022348
-0.019425
0.000337
0.005836
-0.006029
-0.000384
0.004476
-0.006934
0.011954
0.011114
-0.003589
0.008725
-0.008276
-0.001339
0.012201
0.003400
0.008141
0.003576
-0.000925
-0.002154
-0.024630
0.003622
0.005015
-0.009772
-0.007971
0.005137
-0.000748
0.001348
-0.010281
-0.010264
0.011972
0.019908
-0.014339
0.000354
0.003010
-0.003084
0.022615
0.003148
-0.001768
-0.014061
-0.002803
-0.014017
0.011026
-0.021571
-0.000290
0.016871
0.037788
0.019307
-0.003336
0.009319
0.001453
0.010112
-0.004383
-0.006709
0.005104
0.003662
-0.002356
-0.000475
0.000984
0.004860
0.008610
-0.000452
0.010444
0.004991
0.004726
0.004517
0.001409
0.014197
0.008359
-0.006522
-0.001769
-0.002138
-0.010372
0.004470
-0.000458
0.002311
-0.005310
-0.020329
0.018712
0.008861
-0.013321
0.006325
-0.009364
0.012083
0.011519
-0.003910
0.002600
0.009789
0.000866
0.006957
0.004999
0.012480
0.000087
-0.010370
-0.000485
-0.002405
-0.009093
-0.007368
-0.003783
0.001871
-0.003466
0.001160
0.001872
0.009770
-0.002859
0.002137
0.006288
0.002875
-0.008107
-0.007714
0.000486
0.005466
-0.009351
-0.005808
0.007367
0.006008
0.006505
0.000656
-0.004391
0.012811
0.002352
0.003790
-0.005806
-0.006367
0.000704
0.001455
-0.011759
0.001348
0.014825
-0.009797
-0.006037
-0.002162
-0.006969
-0.012256
0.009777
-0.001990
0.012382
0.002118
0.007705
-0.004770
0.006929
-0.003438
-0.003949
-0.031841
-0.015397
-0.010078
0.001591
0.002690
-0.006054
0.002646
0.005008
-0.000500
-0.012965
-0.016541
-0.003178
-0.004718
0.006024
0.003768
0.003192
0.010605
0.006485
-0.013581
0.032000
0.009823
-0.010810
0.004542
-0.001212
-0.010710
-0.028495
0.011297
0.005675
0.015818
-0.027122
0.022049
0.004288
0.009222
0.008479
-0.009647
-0.011453
0.015011
0.035253
0.017773
0.024139
-0.013113
-0.028883
-0.010821
-0.015839
0.002598
-0.014173
0.000650
0.009541
0.001177
-0.001517
-0.015015
-0.001693
-0.000982
0.000208
-0.007705
-0.000357
-0.005152
-0.000259
0.013814
0.006333
0.002356
-0.010700
-0.014509
0.002566
0.012462
0.006053
0.007812
0.014887
0.010084
-0.001561
0.002821
0.010372
-0.001325
-0.006217
0.004267
-0.002146
0.010012
0.000941
-0.008982
0.001648
0.009341
-0.018728
-0.011761
0.001349
0.004519
-0.002454
0.000550
0.008759
0.006639
-0.002467
-0.008900
-0.003624
-0.000270
0.014559
-0.000155
0.001312
0.001330
0.015654
0.031810
0.018265
-0.006215
-0.003712
0.010358
0.007868
-0.010790
-0.007781
0.013551
-0.002234
0.002485
-0.005578
-0.011195
-0.024159
-0.007515
0.005781
0.002885
-0.004932
-0.004452
0.002172
0.023426
0.004857
-0.003670
-0.002515
0.007359
0.001764
-0.005481
-0.004573
-0.009807
-0.006004
-0.003900
-0.005077
-0.007418
-0.001653
0.011241
0.002135
-0.000334
0.013564
-0.003111
-0.009666
0.015141
0.001443
-0.000585
0.006976
-0.007196
0.008162
0.008981
-0.003516
0.005737
0.007013
-0.024642
-0.010435
0.001152
0.000082
-0.000478
-0.005142
0.000305
0.013683
-0.018999
0.023937
-0.016872
-0.011343
-0.009106
0.013616
-0.024285
-0.007887
0.004325
-0.005951
-0.009725
0.003461
0.003469
-0.002385
-0.008722
0.003476
-0.007985
-0.000809
-0.001016
-0.003402
-0.012949
0.003299
0.001006
0.020204
0.008463
0.022030
0.001985
-0.005375
-0.013311
0.003116
-0.002100
0.011344
-0.016260
0.011949
0.000044
-0.006224
-0.000288
-0.007306
0.007975
0.000228
0.009256
-0.012951
-0.001444
-0.005079
0.003051
-0.012520
0.024957
-0.000460
0.011369
-0.004316
-0.014490
-0.006122
0.016208
0.002521
-0.006694
-0.016244
0.011448
0.001080
0.005096
0.013859
-0.005764
0.000915
-0.013069
0.006734
0.000268
0.003288
0.011881
0.001744
0.021043
-0.001651
-0.011260
0.008703
-0.010860
-0.013174
-0.020459
-0.019483
0.000947
0.006904
0.011138
0.012784
0.007121
0.010842
-0.004716
0.008098
-0.023973
-0.005421
-0.003517
-0.004371
0.013264
-0.001724
-0.011077
-0.004486
0.000974
-0.004900
-0.015529
-0.002834
-0.015660
-0.003242
-0.002700
-0.004313
0.003532
0.013272
-0.002082
0.007237
0.009168
0.008463
-0.009628
0.000866
-0.003926
0.009953
0.004767
0.017187
-0.010429
-0.007876
0.009078
-0.003517
0.007548
0.012806
-0.003122
0.006268
-0.008803
-0.002947
0.000229
-0.006330
-0.018940
0.002326
0.007653
0.008196
0.034127
0.008692
0.020205
-0.008196
0.003737
-0.011821
0.013016
-0.008094
0.000225
-0.005364
-0.001958
-0.003316
-0.000868
-0.011180
-0.003831
0.001041
-0.006900
0.016705
-0.013879
0.004685
-0.002956
-0.003066
-0.005804
-0.007873
0.019775
-0.007771
-0.008817
0.004292
-0.005125
0.001390
0.000813
-0.008221
0.003743
-0.002135
0.012939
0.009401
-0.010222
-0.002342
0.003524
-0.001007
-0.008865
-0.001168
0.014610
-0.004635
-0.010967
-0.002567
0.003150
-0.001100
0.007220
0.002324
0.005968
0.005197
0.008739
-0.006591
-0.008474
-0.002458
-0.004583
0.001908
0.002364
-0.008351
0.008915
0.008497
-0.004422
-0.024841
-0.034587
0.013722
-0.006281
-0.001335
-0.007183
0.000952
-0.004926
0.001833
0.000631
-0.005455
-0.003799
0.007571
0.012382
0.003626
0.003259
-0.003092
-0.005114
-0.015399
0.007601
0.000874
-0.002724
0.002840
0.006813
-0.001747
0.000712
0.004623
0.004162
0.005483
-0.006124
0.004064
-0.003806
-0.003054
0.001856
0.000421
0.001481
-0.008925
-0.003781
-0.020394
0.003270
0.003200
0.013178
-0.002175
-0.013083
-0.011319
-0.007919
-0.016620
-0.006420
-0.028623
-0.006459
0.000309
-0.007267
0.009900
0.007329
0.000276
-0.004611
0.002452
0.008921
-0.003589
0.000253
0.011234
0.013750
-0.002177
-0.000291
-0.002422
0.005130
-0.000758
0.008764
0.002757
0.003713
-0.007687
0.021887
-0.012234
0.014040
0.008469
-0.013731
0.000726
-0.009910
0.001591
-0.013446
-0.007213
0.005066
0.011279
-0.013521
0.005806
-0.018006
0.012633
0.013932
-0.004666
0.013228
-0.013298
-0.003001
0.007121
-0.014901
-0.003799
-0.010847
0.004355
0.001761
0.004514
-0.001937
0.007587
-0.011256
-0.005859
0.012318
0.015591
-0.000924
-0.010569
-0.013949
0.009791
0.002525
-0.002313
-0.001156
-0.007991
-0.006351
0.001722
0.006971
0.007169
-0.004715
0.014830
-0.001944
-0.002642
-0.001322
-0.016982
0.011122
0.001898
-0.004744
-0.007543
-0.009768
-0.004526
0.005149
0.001663
0.006208
0.003490
0.005547
0.000568
0.007013
-0.005367
-0.001782
0.007101
0.004779
-0.012640
0.003194
-0.009010
-0.000020
0.006309
-0.007153
0.005935
0.020529
0.002334
0.003912
0.006708
0.008794
0.005712
-0.012981
0.015902
-0.018370
-0.018399
-0.006631
-0.000562
0.004643
0.004304
0.001075
0.015877
0.000739
0.014395
0.015047
0.001449
0.001736
-0.018185
-0.014655
0.000412
-0.022010
-0.003298
-0.001632
0.006166
0.005425
-0.016855
-0.012838
0.007853
0.019612
0.006783
-0.001224
0.012203
0.005298
0.006787
-0.001666
0.003305
-0.002549
-0.003129
0.006593
0.004389
-0.018973
-0.008953
-0.017204
-0.007693
0.003266
-0.004327
0.000922
-0.011209
-0.002017
-0.007147
-0.015213
-0.002943
-0.007571
0.003721
-0.006699
0.003598
0.002698
0.011099
-0.005983
0.017542
-0.012336
-0.012654
0.006674
0.004370
-0.009202
-0.008876
0.002987
-0.003159
0.007283
0.007465
0.008868
-0.006176
-0.000345
-0.015026
-0.005155
-0.003292
-0.004042
0.007042
-0.006154
0.002698
-0.009522
-0.010564
0.001182
-0.008995
0.017154
0.000791
-0.005852
-0.000505
0.009999
0.014892
0.003680
-0.000196
0.006455
-0.007380
0.007313
0.007281
-0.003476
-0.012685
-0.010144
-0.021949
-0.006955
0.003909
0.003996
0.000282
-0.000319
-0.006708
0.010546
-0.016439
-0.013473
-0.005509
0.015123
0.002553
-0.012093
-0.006173
0.024251
0.007613
-0.000524
-0.022434
-0.001510
0.034407
0.010041
0.024771
0.000271
-0.008086
0.004193
0.000295
0.005079
-0.002558
-0.010642
-0.006290
0.012986
0.003505
0.005125
0.004892
0.001273
-0.009604
-0.006279
-0.045997
-0.009795
-0.012325
-0.016960
-0.013707
-0.000479
-0.006719
-0.000644
-0.005799
-0.009207
0.005121
-0.000014
-0.001173
-0.009814
-0.000135
-0.008632
0.006281
-0.001792
-0.004061
0.000868
-0.003492
-0.002777
0.004062
-0.001287
-0.002972
0.004065
-0.009068
-0.020664
0.004919
-0.004208
0.004113
0.000346
-0.003351
-0.003195
-0.003568
-0.009334
-0.015057
0.007786
-0.001379
-0.004938
0.006927
0.003248
0.004745
0.024726
-0.004334
0.001051
-0.013909
0.011782
0.008491
-0.017124
-0.002226
-0.002061
0.001158
0.008086
0.017587
-0.005684
0.002503
0.005829
-0.005251
0.012460
0.003697
-0.010621
-0.000156
-0.004039
0.005709
0.000212
0.008729
0.006907
0.003811
-0.006390
-0.020544
0.000560
0.009172
-0.008923
-0.000218
-0.006304
-0.001140
0.009502
-0.000592
0.017478
-0.007015
-0.003693
-0.019151
0.000291
-0.006628
0.006554
0.000752
-0.004739
0.007808
-0.006226
-0.006295
-0.016974
0.017080
0.000410
0.002193
-0.018313
0.004225
0.000144
0.003937
-0.003561
0.012631
-0.000183
-0.000019
-0.011856
0.024330
-0.033728
-0.011487
-0.001319
-0.002333
0.001568
-0.014747
-0.013397
-0.008988
0.006768
0.007598
0.005304
-0.002763
-0.010380
-0.007040
-0.002300
0.015209
0.007984
-0.011939
-0.012979
0.008720
0.000490
0.000531
-0.002264
-0.003576
-0.021105
-0.017584
0.006100
-0.010091
0.009413
-0.000580
0.010612
0.008990
0.004317
0.000195
-0.011574
0.019355
-0.026713
0.012637
-0.011318
-0.017801
-0.005452
0.026761
-0.020143
0.006344
-0.002045
-0.000542
-0.002378
0.013681
0.000437
0.000320
-0.007759
-0.003276
-0.007525
-0.023754
0.009659
0.005626
0.010853
-0.003322
0.006967
-0.017786
-0.001692
-0.018620
-0.008882
0.010126
0.002412
-0.011322
0.006753
0.016817
0.007343
-0.002786
-0.001322
-0.003941
-0.004043
-0.002991
0.010663
0.001824
0.009131
0.000836
0.006797
-0.002166
0.001350
0.002964
-0.004060
0.003532
-0.005713
0.000498
0.000652
-0.004319
0.007660
0.002106
-0.003053
0.001136
0.002733
-0.006371
-0.001266
0.000103
0.001828
0.013020
-0.000262
-0.010257
0.005445
0.000212
0.002267
0.006256
0.002641
-0.004419
-0.006014
0.004423
-0.001409
-0.001937
-0.005608
0.005472
-0.005570
0.001787
0.015652
-0.016539
0.001958
-0.001188
0.004015
-0.001848
0.001267
0.007400
-0.010354
-0.014317
-0.002918
0.000295
-0.014132
-0.004336
0.004780
-0.016410
0.008298
0.005951
-0.030039
-0.002982
-0.013498
0.010619
0.007170
-0.025554
0.011113
0.002463
-0.002306
-0.006032
-0.006526
-0.000689
-0.003968
-0.001983
0.022108
-0.015914
0.004859
-0.015697
0.012132
-0.005585
0.000585
0.001699
0.007256
-0.007236
-0.003949
-0.012636
-0.003973
0.001478
-0.006412
0.011480
0.045191
0.008954
-0.011759
0.008929
-0.000334
-0.011023
0.004954
-0.000516
0.003663
0.018886
0.004334
-0.000885
0.016212
0.002467
0.010090
0.009082
0.002765
-0.019149
-0.013225
0.013716
0.032536
-0.029659
0.007019
-0.032021
-0.008822
-0.007193
0.011328
0.000257
0.013872
-0.042932
-0.004600
-0.005869
0.003941
-0.001870
-0.004132
0.001926
0.008791
0.008126
0.003531
-0.002192
0.002740
-0.008575
-0.010719
0.002507
-0.010612
-0.015154
-0.001521
0.003517
0.024228
0.010564
0.002237
-0.000834
-0.006126
-0.003386
0.018523
-0.012440
-0.000983
0.004503
-0.018315
0.021178
0.009590
-0.005379
-0.007388
-0.026183
0.022637
0.004023
0.010422
-0.005962
0.009325
-0.005229
0.008612
-0.007059
0.002110
-0.000234
0.017482
-0.016409
0.007119
-0.003856
0.002151
0.002193
0.002089
0.012481
0.013207
-0.014507
0.003303
-0.010981
0.007142
-0.001819
-0.006512
0.014839
0.011698
0.024874
0.015653
-0.008847
0.013134
-0.007839
-0.004098
0.007681
0.003111
0.002492
0.006232
0.017320
-0.003168
0.003193
0.009601
-0.000707
-0.009852
-0.011466
0.007114
-0.001247
0.000453
0.001518
-0.005918
-0.008681
-0.002756
0.006847
-0.002061
-0.000187
-0.000172
0.005059
0.003697
-0.008427
0.024370
0.011817
0.002475
-0.009032
-0.002827
0.004761
-0.002436
0.005968
0.000570
-0.003630
0.007354
0.013908
-0.007230
0.008939
-0.004555
-0.017167
0.009391
0.015704
0.003413
0.008212
-0.005135
-0.024322
-0.006277
-0.004024
0.008983
0.009680
0.009641
0.019562
-0.001727
0.003158
0.002126
0.013782
-0.006823
-0.002098
-0.003089
0.003712
0.013318
-0.007211
-0.034096
0.009897
0.008685
-0.002534
-0.010617
0.007834
0.007197
0.009555
-0.002692
-0.000269
-0.005537
-0.020563
0.006003
-0.005422
-0.003847
-0.003864
-0.001952
0.003004
-0.008391
-0.002842
-0.000008
0.001547
-0.005460
-0.012605
-0.017564
0.012319
-0.010665
0.001739
-0.000291
0.024022
-0.011013
0.003277
-0.001279
0.000816
0.012827
-0.015414
-0.003156
-0.003210
0.000921
-0.003640
0.012282
0.001486
0.000942
0.006548
0.007048
-0.014462
-0.000575
-0.003965
0.010261
-0.012391
-0.009385
0.015877
0.007517
-0.009734
-0.016165
-0.006182
-0.004950
-0.000590
0.014317
-0.003780
0.006095
-0.012871
0.006790
0.004356
0.006840
0.005728
0.005390
-0.006046
0.002042
-0.003787
0.002771
-0.017963
-0.002219
-0.013301
-0.005920
-0.004873
-0.000013
0.007220
-0.000712
-0.013805
0.003788
0.003358
-0.023676
-0.006977
0.024792
-0.022427
0.000526
0.000146
0.008540
-0.006794
0.009072
0.012649
-0.002134
0.003144
-0.000193
-0.008507
0.000922
0.010134
0.003955
0.008097
-0.005771
0.002206
-0.000597
-0.003347
-0.000290
-0.008386
0.013212
-0.002166
-0.007313
-0.004507
0.000335
-0.005504
-0.009013
0.002319
-0.005768
-0.013498
-0.008074
0.001635
0.010420
0.000841
0.013446
-0.011465
0.003727
-0.007876
0.012107
0.012160
-0.003762
0.001667
-0.009331
0.008845
-0.008892
-0.004548
-0.004584
-0.005801
0.012005
0.005242
-0.011081
-0.003514
0.021444
-0.008863
-0.002844
0.005067
-0.006243
-0.004870
0.000013
-0.008356
0.006233
0.004920
0.001672
0.002565
0.009218
0.001879
-0.000376
-0.004096
-0.018122
0.006565
0.002573
0.009194
-0.010137
0.005080
0.006219
0.005025
0.010519
-0.014262
-0.003379
-0.013669
0.008587
0.003166
0.003518
-0.006399
0.009187
0.011962
-0.004714
-0.013622
0.001978
-0.015991
-0.014230
-0.006547
0.010806
-0.005610
-0.007707
-0.005933
-0.001439
0.001024
-0.003533
-0.000011
-0.005509
0.009068
0.005800
-0.000722
0.008692
-0.008116
-0.002778
-0.006656
0.004874
-0.000861
0.015210
-0.013584
0.001544
0.002916
0.000099
-0.005614
0.002103
0.003232
0.003090
0.004253
0.006424
0.007679
0.007626
0.002407
-0.015498
-0.004425
-0.007380
-0.006054
-0.013205
0.012579
-0.024953
-0.002777
-0.013164
0.000203
-0.000643
0.005427
0.013787
0.015733
0.006863
0.000207
0.000968
-0.002378
-0.011851
-0.003747
0.011782
-0.017983
-0.005862
-0.001176
0.011686
-0.001376
-0.003410
-0.000248
-0.006569
-0.007894
0.017072
0.002230
-0.004288
0.004307
-0.008535
-0.010182
0.000846
0.011228
-0.000885
0.002501
-0.012040
-0.011273
0.006890
-0.013183
-0.004853
0.001941
0.001542
0.007585
0.010483
-0.009874
-0.005095
0.011567
0.010931
0.007113
0.004844
-0.012455
-0.002860
0.004244
-0.011800
-0.000793
0.002384
0.008685
-0.010376
-0.001068
0.010807
-0.027836
0.010623
0.008574
0.001785
-0.005866
0.004124
-0.008611
0.000550
-0.007081
0.003868
0.011585
-0.003577
0.002030
0.005625
0.003915
-0.005108
-0.000659
0.009426
0.004493
0.018556
0.008653
-0.006692
-0.003410
-0.009562
0.017127
-0.000282
-0.005197
0.011364
-0.009963
0.005019
-0.002100
-0.006895
-0.003940
-0.001593
-0.001267
0.010295
-0.003667
0.009420
-0.006198
0.002768
0.004991
-0.010760
0.018787
-0.033524
0.027329
0.003627
-0.006892
0.006391
-0.020718
-0.012370
0.006468
0.001741
0.003176
0.009562
-0.006990
0.001579
0.009048
0.012818
0.041291
-0.005820
0.005977
0.008285
0.007707
-0.002934
-0.007650
-0.009468
-0.008939
0.028999
0.001299
0.010941
0.011120
-0.000525
0.006181
-0.011914
0.007716
0.025698
0.011888
0.010342
0.011737
-0.000712
-0.002815
0.008937
-0.002232
-0.015671
0.003456
-0.003554
0.001083
-0.025422
0.002435
0.000344
0.008044
-0.003200
-0.016837
0.000048
0.003264
-0.000667
-0.010734
0.005327
-0.001865
-0.016931
-0.016108
0.000751
0.009878
-0.000855
-0.002995
0.007636
-0.001975
0.000144
-0.000521
-0.010863
0.008655
0.008164
-0.004694
-0.001192
0.005972
0.014901
0.001541
-0.009812
0.002704
-0.002772
-0.004903
-0.000643
-0.004611
-0.013601
-0.004203
0.011491
0.008536
0.001951
0.014557
0.001874
-0.004646
-0.010788
0.003882
-0.006341
-0.013385
0.003476
-0.014912
0.018135
0.007645
0.004193
-0.002127
-0.015510
0.014862
0.009942
0.001858
0.013384
0.000216
-0.006153
0.007251
0.002631
-0.006014
0.000195
0.024153
0.009974
0.000306
0.007172
0.005759
-0.000402
0.009613
-0.012545
0.008849
0.004249
-0.030324
0.018346
0.024652
-0.009922
-0.008521
-0.008375
0.009610
-0.003372
-0.018648
0.013302
-0.030685
-0.006020
-0.008339
-0.010093
-0.003664
-0.016950
0.007652
0.007917
-0.006782
0.015932
0.015429
0.005139
-0.008406
0.008919
0.000784
-0.016838
-0.000917
0.022096
-0.003974
0.009446
-0.008317
0.011016
-0.002110
-0.012197
0.001743
-0.000684
0.015515
-0.015850
-0.003405
-0.008296
-0.003633
-0.002393
0.014311
0.007592
-0.008260
0.017181
-0.009004
-0.008139
0.004694
0.007670
0.011650
0.018041
0.004066
-0.004865
-0.011567
0.008845
0.006534
-0.015397
-0.000946
-0.003275
-0.001141
0.013192
-0.012592
0.000010
-0.019573
0.003514
-0.003897
0.011230
-0.002599
0.016537
0.002893
-0.000103
-0.005707
0.002691
-0.004571
0.006909
-0.003802
-0.001152
0.007855
-0.005118
0.019942
0.008198
0.001439
-0.004610
-0.017651
0.005730
0.001261
0.003997
-0.005937
-0.000314
-0.012906
-0.011281
-0.010463
-0.006149
-0.008161
-0.005568
0.003617
-0.004517
0.002424
-0.003628
0.004335
-0.003274
-0.006008
0.019445
0.026597
0.022388
-0.014121
0.012084
-0.008809
0.005357
0.001290
-0.001042
-0.013166
-0.002737
0.005428
0.013848
-0.004881
-0.000420
0.000592
-0.005282
0.011120
-0.001381
0.003060
-0.000949
-0.004856
-0.016809
0.012947
0.008583
0.002312
-0.024259
0.006187
-0.001754
0.001276
-0.007399
0.001704
-0.007892
0.003927
-0.002168
-0.007062
-0.002474
0.001110
0.007550
0.017457
0.009339
-0.009553
-0.004212
0.003935
-0.001282
-0.006410
0.001875
-0.007783
0.004972
0.016928
-0.001266
0.001478
-0.003824
-0.004433
0.007992
0.003660
0.014009
-0.003958
0.008447
0.012289
-0.013808
-0.012293
-0.003647
-0.010273
0.009306
-0.015207
-0.003185
0.003651
0.016087
-0.010271
0.015466
-0.013384
0.004446
0.008948
-0.001189
-0.007372
0.000593
-0.005990
0.000063
-0.001884
-0.013302
-0.015178
0.008050
0.017019
-0.010628
0.013162
0.001475
-0.009562
0.001629
-0.001279
-0.012185
0.001189
-0.003820
0.003247
-0.008761
-0.011352
-0.000087
-0.001002
0.010613
-0.008136
-0.009641
0.002171
-0.002385
0.000394
0.017205
0.004684
0.008390
-0.005977
-0.003720
-0.001561
0.004858
-0.009009
0.003881
-0.000342
-0.000810
-0.011339
-0.009231
-0.003365
0.011814
0.017671
-0.012405
0.008996
-0.008978
0.006992
-0.000030
0.010019
-0.005264
0.001720
0.000949
0.005573
0.001965
-0.008212
0.001010
-0.011087
-0.001543
0.000767
0.000103
0.005910
-0.015510
0.013713
-0.002536
-0.002421
-0.001097
-0.013858
-0.009207
0.008255
0.016013
0.008326
-0.015949
0.006379
-0.007725
0.000453
0.001695
-0.014276
0.010519
0.018092
-0.022180
0.016341
0.001535
0.006856
0.010552
-0.019575
0.009616
0.033978
-0.021051
0.023854
-0.015182
0.004548
-0.001773
-0.007468
0.005197
-0.001760
0.023221
-0.009945
0.011454
-0.019754
0.009502
-0.034016
-0.000105
-0.011078
0.002988
-0.002176
-0.016566
0.001662
-0.005228
0.007583
0.007279
-0.012566
0.007622
-0.012758
0.005202
-0.001086
0.006295
-0.005074
-0.003559
0.001929
-0.001653
-0.006307
0.001424
-0.013776
-0.000149
0.012777
-0.004539
-0.022081
-0.007944
0.013711
0.003183
-0.015956
-0.012162
-0.023429
-0.020078
0.002862
-0.004004
0.001674
-0.007349
-0.005324
-0.008171
-0.014795
-0.004902
0.004347
0.003800
0.002193
0.009959
0.006396
-0.005833
0.003881
0.006507
0.001268
-0.006758
0.002359
-0.006931
0.013274
-0.006163
0.003912
0.026663
-0.010494
0.001508
0.002772
-0.011756
-0.004395
-0.009331
-0.017171
0.006387
-0.009178
0.004977
-0.002807
0.001636
0.000839
-0.002927
0.006597
0.005804
-0.000497
0.001196
-0.001736
-0.000896
-0.000563
-0.005600
0.008924
-0.013870
-0.022496
0.008005
-0.003195
0.006291
0.016285
-0.007717
0.005997
0.000033
0.022686
-0.003067
-0.005293
0.001957
0.000359
0.010037
-0.008594
-0.014393
0.000252
0.002936
-0.001141
-0.001169
-0.004754
-0.009475
0.006249
-0.003335
0.005818
0.010242
-0.010182
-0.004949
-0.003135
0.018112
0.012151
0.002670
0.022883
-0.010675
-0.017516
-0.014948
-0.003224
-0.015030
-0.011733
0.004716
-0.007271
0.001321
-0.000982
0.011403
0.014674
0.000019
0.000721
0.007972
-0.012514
-0.002779
-0.002532
-0.006049
-0.019129
-0.022120
-0.011085
0.010107
0.008806
0.000451
-0.004685
-0.003679
0.013438
0.006944
-0.013020
-0.000860
0.004323
0.002566
0.004232
0.002103
-0.007726
0.010622
-0.009609
0.000398
-0.000330
0.011606
-0.001573
0.005111
-0.019501
0.005444
-0.005439
-0.007673
-0.002258
0.014033
0.009839
-0.000352
-0.001852
0.003197
-0.000017
-0.032872
-0.018900
0.009871
-0.016331
-0.001398
-0.003033
-0.002539
-0.004789
0.004331
-0.003630
-0.016164
-0.001147
-0.007063
0.004196
-0.017618
-0.003598
0.016145
-0.013307
0.000412
0.007805
0.004967
-0.002345
-0.009640
-0.003157
-0.010047
0.003137
-0.007779
0.008024
-0.008649
-0.016463
0.003524
0.010773
0.009068
0.004415
0.009300
0.006384
0.005154
-0.008674
-0.010232
-0.007733
0.007076
-0.012370
0.004869
0.002027
0.008049
0.000871
-0.001443
0.013708
-0.023371
0.001840
-0.002371
0.002796
0.005006
0.000170
-0.003374
-0.001399
0.011975
0.031886
-0.020234
0.011515
-0.003224
-0.007285
-0.014543
0.011400
-0.010089
-0.002169
-0.000362
0.003165
0.016239
-0.005166
-0.010865
-0.004071
0.009324
0.013344
-0.001665
-0.009723
-0.001267
-0.009043
-0.009376
0.008926
0.002882
0.004249
-0.008367
0.003477
-0.003366
-0.014791
0.002705
-0.014770
0.002117
0.003868
-0.002214
0.004293
-0.002256
-0.024211
-0.002526
-0.000444
-0.011433
0.004817
-0.006208
0.003868
-0.001981
0.005123
-0.010697
-0.007647
0.007188
0.006443
0.008944
0.002271
-0.025150
-0.032590
-0.001567
0.003186
0.008712
0.015034
0.000021
-0.004620
-0.006840
-0.015828
-0.003347
0.012246
0.030291
-0.011073
-0.008590
-0.000998
-0.000899
0.001486
0.011033
-0.001559
-0.001171
0.001597
0.013498
0.004323
-0.013048
0.030147
-0.010455
0.001609
0.012700
-0.004388
-0.005247
-0.005789
-0.017159
-0.001374
-0.014714
-0.000528
0.001707
-0.001014
-0.011055
-0.001295
-0.001581
-0.000979
-0.009345
-0.010070
-0.003026
0.034115
0.007340
-0.005215
-0.004846
-0.005668
-0.006600
-0.008509
-0.011085
0.011640
0.004164
0.012463
0.002461
-0.001506
0.004475
0.006269
-0.003016
-0.003711
-0.001695
-0.008311
0.008862
-0.004368
-0.004972
-0.013107
-0.003253
-0.013985
0.016808
0.008390
-0.004110
-0.001601
-0.007622
-0.002394
0.001790
-0.031757
-0.002032
-0.007802
0.006314
-0.008977
0.000069
-0.007936
0.009523
-0.003969
0.021829
-0.016385
-0.002497
-0.000322
0.017795
0.003163
0.006452
0.010199
0.017783
-0.011778
-0.014345
0.002372
0.003328
0.011243
-0.004157
0.003889
0.000638
0.009939
0.007862
-0.004597
0.001848
-0.009648
-0.009850
-0.012488
-0.011597
0.013966
-0.001028
0.002677
-0.000911
0.011431
-0.002584
0.010558
0.019365
0.003760
0.001517
0.010928
0.001576
0.008519
0.006974
0.028467
0.023876
0.009103
-0.033542
-0.001826
0.000740
-0.006273
0.008217
0.014912
-0.005944
-0.004874
-0.004259
-0.005116
0.002796
0.010074
0.004616
0.002913
0.008057
-0.000160
-0.008688
0.000619
0.005974
-0.004757
-0.009022
-0.013734
0.016371
-0.003700
-0.005191
-0.008230
0.004552
-0.007979
-0.008213
-0.005315
0.001607
0.003441
-0.008356
-0.002682
0.018290
-0.030913
-0.015902
-0.006172
-0.000880
0.008000
-0.003960
-0.009669
-0.008210
0.008192
0.008172
0.009167
-0.008244
-0.005338
0.008310
-0.001295
0.003007
0.000207
0.007811
-0.006611
0.022099
-0.005753
0.002719
-0.006961
0.003824
-0.006376
0.018563
-0.007933
0.000654
-0.005137
-0.000546
0.009425
0.005083
-0.000169
-0.003105
0.000834
0.006600
-0.001835
0.009373
0.007968
-0.009138
-0.007744
-0.016532
0.003693
0.013021
0.000260
0.001844
-0.010162
0.013784
0.001404
0.008890
-0.001699
0.004517
-0.001690
-0.000506
0.005603
0.004487
0.006866
-0.010665
-0.008921
-0.010041
-0.005972
0.019506
0.002072
-0.001818
-0.000792
0.008026
0.000733
0.011457
0.010134
-0.016861
0.016666
0.022739
0.025835
0.002359
-0.002798
-0.006618
0.009993
-0.003254
-0.004974
0.000052
0.009304
0.008413
0.005555
-0.013634
0.006526
-0.010981
0.017816
-0.001629
-0.008814
-0.005239
-0.006053
-0.004646
0.008508
-0.009348
-0.001722
0.003378
0.006448
-0.002830
-0.004447
-0.018514
-0.013729
0.000418
0.004672
0.022631
-0.007124
-0.016325
-0.018279
-0.008014
-0.011918
0.009792
-0.004096
0.012385
-0.001341
-0.016399
0.001120
-0.000893
-0.024583
0.009128
0.001858
0.002103
-0.002724
-0.007528
-0.003822
-0.003798
-0.005754
-0.004699
0.000386
-0.012169
-0.010607
0.008845
0.003307
-0.006888
0.003258
0.007246
0.007195
0.006707
0.002454
0.005382
-0.003599
0.012812
0.007739
-0.005760
0.004658
-0.002389
0.024794
-0.001746
-0.002701
0.009412
0.020976
-0.006624
0.009523
-0.002737
0.007344
0.001077
-0.005023
-0.004514
-0.000753
0.001519
0.007506
0.010386
-0.006392
0.007311
-0.006614
0.003845
-0.024301
-0.025205
0.013456
0.000763
0.008627
0.008146
0.014843
0.001714
0.015419
0.009435
-0.009895
0.006264
-0.005245
-0.012033
0.000521
-0.009646
-0.002897
0.008667
0.005547
-0.004211
0.007858
-0.014749
0.009044
0.004232
0.003337
-0.002124
-0.001535
0.002172
0.005453
-0.009257
-0.000698
-0.009961
-0.001764
-0.002742
0.010940
0.007450
0.002758
0.000454
-0.009320
-0.004064
-0.002866
0.003784
-0.006743
0.005186
-0.007193
0.002961
0.001785
-0.006374
0.013975
-0.013227
0.015772
-0.003578
-0.010555
0.009854
-0.000700
0.007924
-0.008239
0.003086
0.000393
-0.010757
0.004162
-0.013253
0.000862
-0.008787
-0.011294
0.010289
-0.008574
-0.005716
0.003026
-0.006799
0.001359
0.011835
0.031831
-0.020356
-0.004969
0.004056
-0.000018
-0.005435
0.001631
-0.016096
0.018929
0.005799
0.006582
0.014451
0.008116
-0.002654
-0.020867
-0.005123
-0.012680
0.001300
-0.006604
-0.006013
-0.019827
-0.006537
-0.020235
0.013801
0.001730
-0.013697
0.001701
-0.000175
0.015033
-0.018762
-0.012541
0.017944
0.000148
0.001245
0.008531
-0.005317
-0.011836
0.006909
-0.007308
-0.006159
0.005572
0.000337
0.001268
-0.012079
0.013482
0.017755
-0.011418
-0.000532
-0.006884
-0.010327
-0.011692
0.005877
0.019908
-0.018871
0.019899
-0.010955
0.006941
-0.005315
0.003146
0.003533
-0.004781
-0.011092
-0.010201
-0.025183
0.001165
0.004175
0.002529
-0.007474
-0.002802
0.003026
-0.009845
-0.011674
0.005075
0.003114
0.008516
0.013655
0.013907
-0.006916
-0.009576
-0.008171
-0.033352
-0.022580
-0.009971
-0.007827
0.016903
0.000595
-0.006108
-0.000819
-0.002622
0.008997
0.015185
0.002389
0.007839
0.017862
0.012064
0.006458
-0.009140
-0.003039
-0.003465
-0.006944
-0.010024
-0.017700
-0.003217
-0.010089
0.014243
-0.007587
-0.008568
0.010332
-0.001973
0.002689
-0.005017
-0.008538
-0.000430
-0.001753
-0.008457
0.008275
0.011749
0.014848
0.009636
-0.005400
-0.010801
0.013456
0.004674
0.001203
0.013395
0.007936
-0.005785
0.009292
0.008453
0.003908
0.015272
-0.010469
-0.008522
0.002588
0.002915
-0.017589
0.022626
0.017505
-0.002577
-0.000659
0.009486
-0.000682
-0.011210
-0.026477
0.004979
0.003981
0.020182
0.015308
-0.003189
-0.019054
0.000124
-0.015831
-0.000765
0.004886
0.007172
-0.001852
-0.000352
0.004594
-0.004470
0.011887
-0.018649
0.005168
-0.003958
0.009212
0.002862
-0.003905
-0.017863
0.007020
0.004855
-0.006867
0.004195
0.020531
0.006381
-0.001450
-0.004858
-0.011986
-0.000599
0.001012
0.006535
-0.000984
0.021019
-0.000347
-0.003894
0.003905
0.016543
-0.009352
0.015222
-0.003080
0.008451
-0.012877
-0.008861
-0.008826
0.013199
0.001349
-0.005504
0.002269
0.001144
-0.009654
-0.001977
0.000246
0.025162
-0.003707
-0.003573
-0.008314
0.010476
0.003233
-0.002929
0.008266
0.004651
0.013974
0.007016
-0.011888
-0.001561
0.013736
0.010521
-0.004401
0.010564
-0.003942
0.005176
-0.008179
0.016726
-0.009290
-0.005623
-0.010014
-0.015884
-0.008293
-0.006927
-0.003384
-0.006859
-0.010806
-0.006574
-0.007297
-0.005843
0.000955
0.003539
-0.009810
0.014871
-0.004611
-0.005113
0.012701
0.000577
0.019676
-0.016965
0.008331
0.004261
0.001213
-0.007514
0.004971
-0.006436
-0.003068
-0.001897
-0.002184
-0.005046
0.003997
0.002599
-0.011034
-0.003967
0.012821
0.011374
-0.014244
0.003866
0.000177
-0.002514
-0.008436
0.019287
0.006717
0.003413
0.006914
-0.011927
0.010865
0.002675
-0.002417
-0.018577
-0.004244
-0.005536
-0.016922
-0.010201
-0.006429
-0.000986
0.007980
0.005797
0.018205
0.007924
0.000751
0.007430
-0.014338
0.001575
0.003164
-0.009055
0.006614
0.005278
0.013166
0.015407
-0.000422
0.002969
0.001755
0.011799
-0.003025
-0.004747
0.007883
-0.004099
0.001921
0.000502
-0.002501
-0.003022
-0.005661
0.022211
-0.006303
-0.016678
-0.009442
0.009532
0.010745
0.009560
-0.006866
0.003538
0.004112
0.001616
-0.002772
-0.007566
-0.033465
0.008106
-0.002757
-0.005711
0.004062
-0.001345
-0.001888
0.016161
-0.008983
-0.005935
-0.009597
-0.008927
-0.006050
0.013126
0.006545
-0.001353
0.005841
0.009425
-0.026855
-0.010384
-0.000127
0.001849
0.016018
-0.013128
-0.013850
0.004937
0.002972
0.007991
-0.029845
0.017741
0.021762
-0.002823
0.006664
0.006041
-0.006561
0.006798
0.014080
0.002421
0.006221
0.009331
0.004179
-0.002278
0.009997
0.009260
-0.020987
0.006745
-0.008112
-0.000584
0.000043
0.007163
0.001840
-0.010981
-0.014223
0.011272
-0.004912
0.006443
-0.005328
-0.013285
-0.015478
0.000634
0.004013
-0.007897
-0.001898
0.004815
-0.002525
0.005682
-0.004733
-0.008927
-0.004346
0.002818
-0.000337
-0.015088
0.002293
-0.020818
-0.003604
0.004850
0.007013
-0.008344
0.001081
0.012658
-0.004708
-0.011373
0.005520
0.007861
0.006683
0.004255
0.009528
0.003800
0.004518
0.001477
0.017247
0.001191
0.004162
-0.003791
-0.008126
0.014150
-0.013256
0.001374
-0.000046
0.004973
0.012702
0.001533
0.000216
0.009308
0.006211
0.001254
-0.015023
-0.006208
-0.011871
-0.013614
0.003635
-0.007702
0.000414
-0.000759
-0.001184
-0.007866
-0.006156
-0.009302
-0.003896
0.000419
-0.011383
0.005806
-0.021486
-0.013419
0.008638
-0.001729
-0.004733
0.019525
0.037384
0.003363
-0.008088
0.015331
-0.012827
0.010233
0.004347
-0.008696
0.003217
0.003175
0.000868
-0.001934
-0.003873
0.006337
-0.017868
0.013113
0.004317
-0.011170
-0.008890
-0.013983
-0.003929
-0.006856
-0.002668
0.003925
-0.008450
-0.006010
-0.003481
-0.005426
0.005280
0.010824
-0.009929
-0.004108
-0.010370
-0.010734
0.006268
0.007513
0.008339
-0.006178
-0.005843
-0.012469
0.004800
0.002176
-0.001494
0.006560
0.003629
0.000907
-0.003382
0.015450
0.010626
0.007098
0.000687
0.001844
0.002659
-0.001356
0.002428
-0.002871
-0.002211
-0.005035
-0.011125
0.004747
0.010492
0.022153
0.002911
0.007100
-0.014904
-0.003326
-0.005896
-0.004025
0.011445
0.016408
0.000982
-0.004018
-0.030847
0.020048
0.002771
0.010129
0.008117
0.011952
-0.007218
0.002180
0.013106
0.011110
-0.001969
-0.004848
0.014084
-0.000268
-0.008661
0.002684
-0.002481
-0.017418
0.005130
0.010079
-0.006604
0.014850
0.012670
0.000329
0.010182
0.006379
-0.006095
0.006289
0.007389
0.002282
-0.016934
-0.004183
-0.003081
-0.006397
0.013701
0.003246
-0.000974
-0.017329
0.013547
-0.000980
0.008200
-0.017688
0.009563
-0.008593
0.005645
0.014270
0.005608
-0.006286
0.004263
0.004686
-0.000817
0.024555
0.008794
-0.008880
0.011117
-0.001702
0.018661
-0.009658
0.003231
-0.001155
-0.002484
-0.017911
-0.002964
-0.007782
-0.003242
0.000815
0.007063
0.000561
0.012204
0.007233
-0.000324
-0.025037
-0.006717
-0.002168
0.007660
-0.028414
-0.022684
0.017709
0.016090
-0.021001
0.046751
-0.044782
-0.012781
0.001554
0.007073
0.002238
0.011315
-0.005787
0.006926
-0.008079
-0.008616
-0.002463
0.006344
0.023812
-0.008051
0.011131
0.010028
-0.010668
-0.000566
-0.021478
-0.000395
-0.004911
-0.004698
-0.009467
-0.002840
-0.010458
-0.012676
-0.001600
-0.008572
0.001546
0.000537
0.005527
-0.002474
0.003626
-0.011089
0.002211
-0.002105
0.019637
-0.020035
-0.010413
-0.022746
-0.020904
0.001250
0.002367
-0.011906
0.000993
-0.008134
0.000042
0.009013
0.004444
0.003572
0.005968
-0.012118
0.004928
0.005016
-0.015514
0.001180
0.005660
-0.012605
0.002534
0.003312
0.015384
-0.009106
-0.004350
0.015061
-0.011712
-0.000514
-0.008699
0.012279
0.001153
0.010536
-0.002714
-0.004273
-0.001914
0.006687
-0.005857
0.009200
0.005917
0.010373
-0.014248
0.016589
0.010465
0.005741
0.001184
-0.001272
0.001092
-0.008476
0.008203
-0.003045
0.008643
0.016108
0.000336
-0.000713
-0.015801
-0.012483
0.001742
0.000807
0.002868
0.013510
-0.003125
-0.006078
0.005157
0.007211
-0.004104
-0.013448
0.003164
0.002681
-0.001718
-0.011391
-0.003232
-0.012059
0.000488
-0.003718
0.001452
0.015319
0.002781
0.005580
0.005774
-0.006863
0.014419
0.005768
0.004800
0.004663
-0.001791
0.001757
-0.003515
0.003367
-0.017637
0.001810
-0.003635
-0.001761
-0.000503
0.010589
0.008640
-0.005133
-0.001884
0.000811
0.001865
-0.001235
0.000506
-0.001092
0.001969
0.004717
-0.004423
-0.007185
-0.002864
0.016112
0.005139
0.016140
-0.010525
0.001617
0.006422
0.002695
-0.001028
0.003875
0.006020
-0.004752
-0.012725
-0.018059
0.015409
-0.011795
0.002601
0.005406
0.003402
0.003158
0.002340
0.014479
0.006978
-0.001267
-0.005815
-0.008983
-0.000167
0.013261
0.007014
-0.000629
0.005797
-0.001995
0.007467
-0.008810
-0.006111
-0.005775
0.013374
0.010513
-0.006774
-0.001502
0.006729
-0.006378
0.008935
0.008100
0.018785
0.011793
0.000387
-0.002160
0.003451
-0.001417
-0.011009
0.008779
-0.008180
-0.008662
0.006096
-0.003304
-0.005947
0.007318
-0.000937
0.008258
0.007017
0.007190
-0.011639
-0.005416
-0.009223
-0.009391
0.004649
0.005632
0.006203
-0.002089
0.007848
-0.001350
0.001550
-0.010079
0.020247
-0.001748
-0.019677
-0.011396
-0.019153
-0.004659
-0.005269
0.018350
0.002682
0.008805
0.000799
-0.002544
-0.027950
0.004008
0.004879
-0.002477
0.000507
-0.001794
-0.001939
-0.004616
-0.004760
-0.006823
-0.013987
-0.003258
-0.005245
0.003494
-0.007783
-0.002004
0.000460
-0.018978
0.004618
0.000818
0.017627
-0.010457
0.000656
0.000675
0.005934
0.011147
-0.004557
-0.005715
0.001388
0.000341
-0.010550
-0.012797
-0.010794
-0.004800
0.015685
0.008120
-0.000709
-0.002188
-0.008575
0.004325
0.000606
-0.003213
0.018228
0.001464
0.016643
0.005952
0.008178
0.003881
-0.011095
0.004760
-0.003720
0.000065
-0.002737
-0.006738
0.005096
-0.002541
0.011797
-0.010550
0.002035
0.002247
0.000472
-0.007747
0.002536
0.004797
-0.006235
-0.003403
0.014065
-0.039540
-0.009236
-0.006618
0.016496
0.004233
-0.007070
0.005408
-0.001762
-0.010463
-0.005386
0.003543
0.008029
0.017807
-0.009931
-0.011357
0.017482
-0.002066
0.005635
-0.008909
-0.026934
-0.020379
-0.000790
0.002931
0.004544
0.002073
-0.003787
-0.002191
0.008857
0.004377
0.005199
0.000957
0.000564
-0.003986
-0.003551
-0.017520
0.002211
-0.007388
-0.012962
-0.007833
-0.003368
-0.001096
-0.016600
-0.016210
0.004080
0.010641
-0.009734
0.005266
-0.004325
-0.023731
-0.006215
0.007423
-0.008065
0.003418
-0.012109
-0.000200
-0.002460
0.010554
-0.012153
0.003634
-0.005960
0.009575
0.018018
-0.005988
0.011777
0.005056
-0.028826
0.006255
0.000022
-0.013968
-0.009143
0.003700
-0.007857
0.004949
-0.020773
0.012024
-0.017989
0.011246
-0.009274
-0.004765
-0.025371
-0.001595
0.009987
0.000721
0.005447
-0.000565
0.004431
0.000879
-0.008053
-0.003831
0.016743
0.002682
-0.007559
0.002373
-0.000246
-0.003816
0.013969
-0.002036
-0.010642
-0.012900
-0.008233
0.011069
0.007260
-0.004528
0.009488
-0.002756
-0.012331
0.001182
0.001865
-0.011230
-0.012883
-0.005500
0.001660
-0.000437
-0.005564
0.005435
0.006137
-0.005096
-0.003955
0.002929
-0.003691
-0.003513
-0.003965
0.004256
-0.014415
-0.000433
-0.000258
0.003830
-0.006184
0.004060
0.015962
-0.001237
-0.007072
0.013964
-0.004445
-0.009597
0.021293
-0.009415
0.006847
-0.017267
-0.001691
0.002408
0.018328
-0.006757
-0.003531
-0.001828
-0.018629
-0.009583
-0.011570
-0.004259
0.009064
0.002261
0.009092
-0.002814
-0.009408
-0.008397
-0.006298
0.001051
-0.012448
0.011126
-0.000001
-0.001105
-0.018539
0.012271
0.002016
0.014181
0.005307
0.000312
-0.005354
0.003926
-0.017898
0.007932
0.001186
-0.001607
-0.005427
0.004902
0.015946
-0.001265
0.007534
0.008143
-0.011433
-0.012162
0.008414
0.010981
0.001609
0.006391
0.004189
0.010252
-0.019046
0.004081
0.008999
0.003237
0.005368
-0.002518
0.009143
0.002526
-0.005483
-0.003427
-0.013976
0.006868
-0.001949
-0.001461
0.002517
0.008436
-0.000101
0.026941
-0.007600
0.004758
0.004310
0.000292
-0.005150
0.000915
-0.007343
0.004698
0.006732
-0.003834
-0.002709
0.000760
-0.000059
0.008127
0.000877
0.014357
-0.000105
-0.046281
-0.008574
0.002960
-0.002382
0.002534
-0.006461
-0.013492
0.005235
-0.010689
-0.003824
-0.001382
0.006790
-0.003397
-0.001909
-0.007093
0.005566
0.009471
-0.005546
0.011676
0.006762
0.007292
0.000338
-0.006803
-0.000371
0.005050
-0.015402
0.004104
0.001470
0.000784
0.002804
-0.005842
-0.005888
0.003859
0.002846
-0.000802
-0.010493
-0.008464
0.006565
0.008219
0.002378
-0.005971
-0.007863
0.004616
-0.009493
0.004039
-0.000045
-0.007276
0.008743
-0.015211
-0.008575
0.003615
0.001252
-0.002332
-0.004786
-0.003208
0.008464
-0.015428
0.003142
0.005417
0.006738
0.001141
0.007636
-0.025996
-0.006674
-0.014752
0.012915
0.003697
-0.010287
-0.001898
-0.002611
-0.001901
-0.000373
-0.005217
-0.005421
0.009089
0.008962
0.001936
-0.006908
-0.000279
-0.018109
-0.005908
0.003033
-0.010097
0.014774
0.014670
0.013874
-0.002433
0.011060
0.001294
0.004095
-0.005749
0.012896
-0.005629
-0.013940
0.001969
-0.000335
-0.000140
0.003223
0.009089
-0.018840
0.009789
-0.000448
0.006795
0.005770
-0.005504
-0.009244
-0.003487
-0.012567
-0.000042
-0.001277
-0.001108
0.002838
0.003019
-0.007619
0.002193
-0.006431
0.003595
0.009938
-0.000320
-0.002229
-0.008942
-0.010637
0.004673
0.011533
0.002770
0.005793
0.000896
0.002675
0.000322
0.001388
0.006192
-0.004679
0.004378
0.015246
0.006837
-0.018569
0.008938
-0.010770
-0.013540
0.003089
-0.018583
-0.004754
-0.029171
0.008309
0.005192
-0.007180
0.007136
-0.007047
-0.004953
-0.003532
0.004006
-0.014141
-0.004579
-0.001832
-0.013083
0.002728
0.001719
0.008360
0.016694
0.003130
0.012706
0.007068
-0.007904
-0.007149
0.008439
0.010538
-0.000387
-0.001905
0.000757
0.005025
-0.007870
-0.001186
-0.000433
-0.002005
-0.000396
-0.006334
0.015676
0.004791
-0.000149
-0.002668
-0.008468
0.016540
-0.010788
-0.005526
0.008782
0.023578
-0.007952
0.014280
0.002772
0.002369
-0.016915
-0.009812
-0.016777
-0.011856
-0.002636
-0.004920
0.009263
0.010872
-0.003568
-0.010535
-0.019617
-0.007321
-0.007984
-0.002981
0.002642
0.005536
0.002117
-0.008558
0.006393
-0.008396
-0.000420
0.004135
0.013521
0.002117
-0.009458
0.018332
-0.014395
0.007333
-0.010788
-0.002329
0.001513
0.000296
-0.004895
-0.004761
0.002783
0.009331
-0.008767
0.001971
0.002786
-0.014532
0.005137
0.001503
0.016419
0.004494
0.002515
-0.004080
0.011046
-0.002615
-0.006194
0.009641
-0.011616
-0.013180
0.010856
-0.001881
0.000813
0.002288
0.017001
0.010613
0.002076
-0.015202
-0.007419
0.004025
-0.007594
0.012811
0.000892
-0.001914
0.018738
-0.013247
0.002146
-0.016158
-0.022278
-0.015903
-0.001418
-0.003306
-0.004741
0.008854
-0.017549
0.004629
-0.002168
0.001023
0.006698
0.002795
-0.001295
0.006124
-0.000916
-0.005871
0.007285
0.011124
-0.000915
-0.001058
-0.010245
0.016387
0.005749
0.000320
0.001273
-0.001026
0.011694
-0.002848
0.004101
0.016989
0.012349
0.003860
0.012938
0.010099
-0.005304
0.012884
-0.010499
-0.002528
-0.015215
0.016173
-0.016037
0.015132
-0.001884
-0.001005
-0.001524
0.005315
0.008271
-0.002957
0.001764
0.008823
-0.008557
0.003273
0.001572
-0.003577
0.007280
-0.008698
-0.004109
0.003942
0.000458
-0.000031
-0.009304
0.013022
0.002318
0.000555
0.002479
-0.000828
-0.001429
0.022637
0.014460
-0.014722
0.001410
-0.000433
-0.009033
-0.009651
0.005942
-0.004622
0.004978
0.008082
0.006445
-0.024722
0.006644
-0.008863
-0.015098
-0.002632
0.018602
-0.012600
0.017741
0.008341
0.009798
0.006174
0.013112
0.004493
-0.005635
0.013784
-0.001732
-0.000834
-0.011011
-0.019165
-0.013540
-0.002678
0.000483
-0.018304
-0.004926
-0.012425
0.003198
0.005670
0.000706
0.007309
-0.002486
0.000733
-0.004952
0.006378
-0.004930
-0.006747
0.008544
-0.000879
-0.009044
0.009848
0.006821
-0.010777
-0.005620
0.011190
0.016145
0.008039
0.003880
-0.013401
-0.010130
0.006352
0.006248
0.010630
-0.002391
0.002716
-0.000804
0.009513
0.001323
-0.007528
-0.019231
0.004733
-0.001136
0.011769
-0.006864
-0.010682
-0.013625
0.009378
0.007121
0.005137
0.015899
-0.002253
-0.002652
0.001332
0.001972
-0.004803
-0.007779
0.012831
-0.002732
-0.010377
-0.003180
-0.005105
0.003196
-0.002112
-0.006198
-0.003836
0.014380
-0.001400
0.003207
-0.001376
0.007776
-0.009240
0.009744
0.018300
-0.001230
-0.005183
-0.010193
-0.003658
0.011799
0.002091
-0.015090
-0.003297
-0.015914
-0.007084
0.007024
-0.003479
0.003665
-0.001411
0.004892
0.000610
0.000737
0.011599
0.003173
-0.004371
0.020773
-0.013220
-0.007142
-0.003327
-0.004140
-0.005097
0.004251
-0.009593
0.013244
-0.000054
-0.015943
0.004219
-0.002060
-0.002381
-0.003521
-0.000888
-0.003986
0.014548
-0.000468
0.006841
0.014922
0.010685
0.011069
0.020420
0.000015
-0.002089
0.004058
-0.007887
-0.010622
0.005212
-0.015861
0.014483
-0.006429
0.002890
0.007940
0.002068
-0.009217
-0.004904
-0.001385
0.022742
-0.025636
-0.008374
0.009521
0.001830
-0.003203
-0.021382
-0.021176
0.004549
0.005051
0.009394
0.001693
-0.002733
-0.006089
-0.006150
0.027655
-0.001220
-0.000836
-0.010367
-0.010573
-0.003757
0.006676
-0.000521
-0.016792
0.015671
0.001019
-0.003375
0.005495
-0.002936
-0.006318
0.017598
-0.001130
-0.002712
-0.000850
0.012920
0.008831
0.003420
0.004258
0.006330
-0.006322
-0.000966
-0.004535
0.010317
-0.016228
0.005312
0.004964
-0.003873
-0.000860
-0.006975
0.005322
0.022984
-0.007769
-0.021753
0.015869
0.001069
0.006054
0.007661
0.019852
-0.007017
0.032819
-0.017831
0.009549
-0.001527
0.006775
0.001368
0.005730
0.001588
-0.007378
0.004945
-0.012928
0.013969
0.001785
0.002995
0.006400
-0.001313
-0.003334
-0.000841
-0.013274
0.000308
-0.010603
-0.011917
0.000943
0.013112
0.000631
-0.002128
-0.003613
-0.002182
-0.006542
-0.005975
0.008533
-0.006139
0.002936
-0.002684
0.013614
-0.003128
-0.004405
-0.007952
-0.001271
-0.001995
0.010773
-0.006411
0.015448
0.011191
-0.006031
-0.005038
0.007594
0.005240
0.010064
-0.005508
0.004476
-0.005882
-0.012744
-0.006875
-0.006867
0.001503
-0.004777
0.019389
-0.003037
-0.012508
0.005481
-0.010722
-0.011158
0.006914
-0.010166
-0.004059
-0.007570
0.003176
0.008019
0.016888
-0.025939
0.010183
-0.007273
0.011592
-0.001197
-0.006277
0.005965
-0.004355
0.006046
0.002491
-0.001259
-0.001818
-0.010347
0.000919
0.010580
-0.013701
0.008956
0.012820
-0.013912
0.010175
-0.001630
-0.009947
-0.005144
-0.012442
-0.001931
0.005800
0.001533
0.015726
-0.005209
0.013150
0.010531
0.009001
0.010690
0.012578
0.007108
0.002718
0.007113
0.004445
-0.021677
0.009378
-0.005221
0.006768
-0.001418
-0.012460
0.006803
-0.017343
-0.003990
0.003297
-0.006975
0.007177
0.010448
-0.015546
-0.014667
0.004955
-0.007795
-0.010312
-0.011533
-0.001536
-0.005506
0.001648
0.002528
0.006900
0.010270
0.024222
0.006288
-0.009334
-0.008524
0.003089
0.012396
-0.003816
-0.024199
0.016920
-0.006475
0.003628
0.002496
0.001728
0.000915
-0.014271
-0.010369
-0.005116
-0.000626
-0.009184
-0.003533
-0.003350
0.002164
0.036048
-0.017267
-0.029022
-0.016858
-0.026206
-0.001885
0.007188
0.000762
0.005261
0.000213
-0.006081
0.000241
-0.000692
-0.013977
-0.000283
0.005285
0.010114
-0.001522
0.004415
-0.008587
-0.000083
-0.007723
-0.002914
-0.013028
0.006650
0.006880
0.005760
0.022035
0.018835
-0.000987
-0.011946
0.013567
0.001079
0.000839
-0.000509
-0.013644
-0.011634
-0.010418
0.014706
-0.017833
0.012451
0.004140
0.012968
-0.010328
-0.014417
0.006757
-0.005473
0.013449
-0.000582
-0.000426
-0.002393
0.010508
-0.007121
0.012989
-0.012775
-0.012174
0.019612
0.017231
0.002253
-0.003509
0.003946
0.013482
0.011244
-0.001322
0.007565
-0.008886
0.000150
-0.008829
0.002568
0.008044
0.001434
0.001917
0.001157
0.002188
0.009607
-0.001316
0.001539
-0.013483
-0.005430
-0.032702
0.015120
-0.000068
-0.000998
-0.007956
0.005072
-0.014346
0.007921
0.000424
0.003568
0.000165
0.011136
-0.000783
0.011662
-0.000616
-0.001343
0.002003
0.002160
0.033650
-0.018985
0.003577
0.007751
0.001579
0.011625
0.005483
-0.006526
0.015615
0.009786
-0.001445
-0.005927
-0.008995
0.015376
0.011432
-0.010471
-0.004754
0.000936
0.009471
-0.008767
0.001746
0.010645
-0.007688
0.008155
-0.003843
0.006096
-0.010869
-0.005470
0.013679
-0.026029
0.004002
0.003550
