0.005235
0.030016
0.006106
0.010386
-0.007087
0.010643
0.013345
0.005278
0.002290
-0.005913
0.000588
0.007181
0.007866
0.007739
-0.005278
0.018986
0.002985
0.005464
-0.007382
0.001628
0.007673
0.005044
-0.011535
-0.010215
-0.006531
0.007033
0.018245
-0.007673
-0.032822
-0.001068
-0.000686
-0.002243
-0.006734
0.016545
-0.002552
-0.001692
-0.010697
-0.018170
0.001283
-0.006591
0.019880
0.005146
0.003148
-0.000026
0.008234
-0.008515
-0.011495
-0.010715
0.003605
0.001732
-0.003690
-0.003075
-0.001994
0.007522
0.012290
-0.002224
0.008499
0.003698
-0.008336
-0.006885
-0.002287
-0.017443
-0.005031
-0.001744
0.013066
0.005468
0.005211
-0.001571
0.004551
0.002781
0.009385
-0.000288
-0.007615
0.000260
-0.013523
-0.009473
-0.007499
-0.002431
0.000911
-0.002073
0.006592
0.000666
0.000410
0.011287
-0.004824
-0.014297
-0.007611
0.010852
0.000893
-0.002334
-0.009867
-0.004935
-0.001779
0.003256
-0.003640
-0.008782
-0.003759
-0.004277
-0.002167
0.004062
-0.005244
0.012215
0.010845
-0.003685
-0.004917
0.002378
0.004458
-0.006398
0.001326
-0.004733
-0.001749
0.002461
-0.008940
-0.008400
-0.004223
0.005790
-0.010607
-0.003151
0.010659
-0.007206
0.012108
-0.011957
-0.004617
-0.010301
0.000660
-0.032725
0.008309
-0.022917
-0.002139
-0.000393
0.005507
-0.005486
-0.007975
0.008104
0.007862
0.003669
0.015365
-0.002324
0.001289
0.013008
0.001624
-0.014810
0.002084
-0.005070
-0.000007
-0.003758
-0.001324
0.004324
0.004159
0.021660
-0.006716
-0.006084
-0.017184
-0.012841
0.013149
0.009745
-0.012464
-0.010618
-0.006367
0.013907
0.006098
0.001099
-0.005436
-0.000620
0.005775
0.029434
0.003911
0.003943
0.003224
0.018724
0.006585
0.010814
-0.027155
0.004423
0.003286
-0.015034
0.004381
0.014649
-0.005370
0.012863
-0.002169
-0.007584
0.006251
0.008000
0.006694
-0.006741
0.016164
-0.017025
0.031833
0.013846
0.014973
-0.010399
-0.005916
0.002586
-0.009009
0.007538
-0.006894
0.012246
0.005133
-0.003700
0.016069
0.009639
0.015612
-0.013537
0.001522
0.003513
0.001192
-0.011848
0.010395
-0.000297
0.009825
0.002611
0.006336
0.006471
-0.003453
0.002799
-0.007754
0.004927
-0.013039
-0.012413
0.012784
-0.002491
-0.008436
-0.010501
0.023508
-0.014470
-0.003212
-0.000194
-0.010576
0.003453
0.007348
-0.012567
0.002371
0.008010
0.018651
-0.021393
-0.007318
0.001461
-0.013426
-0.001086
-0.000724
0.005779
-0.004797
0.003116
-0.002413
-0.003904
0.003252
0.001652
-0.008404
-0.016177
-0.026784
-0.010230
0.003184
-0.000865
-0.004288
-0.003686
-0.000629
0.010646
0.001491
0.002389
0.006831
0.015804
-0.000061
-0.008438
-0.003253
0.004764
0.003688
0.001428
-0.001324
0.015775
-0.007206
-0.002245
-0.000788
-0.008103
-0.001609
-0.004502
0.000102
0.002339
0.017540
0.005084
-0.004850
-0.000090
0.016343
-0.001490
0.015853
-0.011216
-0.009249
0.008664
0.003948
-0.004785
-0.006059
-0.006774
0.005357
0.005175
0.012458
-0.000597
0.001902
-0.008292
-0.010457
-0.001118
-0.010260
-0.010990
-0.004824
0.003330
0.007862
0.001431
0.008291
-0.005596
0.004693
0.002494
0.003311
0.006851
0.004304
0.011808
-0.001207
0.005068
-0.000169
-0.007215
0.018222
-0.013058
0.011136
0.000081
0.001148
0.003992
0.000089
0.014384
-0.006088
0.003205
-0.015172
-0.003348
0.009552
-0.004262
0.013575
-0.002150
0.005025
-0.023608
0.008317
-0.006730
-0.017771
0.017611
0.015768
0.002891
-0.014527
-0.004880
0.006539
-0.007562
0.001819
0.003860
-0.009482
0.000648
0.007518
-0.000312
0.003863
-0.001426
0.005611
0.002988
-0.007011
-0.020411
0.022423
0.003098
0.012848
-0.005459
-0.014651
-0.008358
-0.005014
-0.009844
0.003358
0.004015
-0.001910
0.006393
-0.000344
0.005306
-0.011360
0.009282
-0.003868
0.010582
0.011394
-0.003888
-0.009894
-0.003464
0.012895
-0.013536
0.001681
0.010435
-0.006389
-0.016495
-0.002771
-0.009755
-0.021365
0.014500
0.008741
-0.004835
0.011254
-0.002457
0.002550
-0.004890
0.007808
0.025042
-0.009985
0.007249
0.001949
-0.001631
-0.013538
-0.001908
0.011830
-0.011619
0.008545
0.007921
0.006995
0.010238
0.008006
-0.002374
-0.011270
0.001898
0.006703
-0.007371
-0.005496
0.003127
0.008477
0.005567
-0.005484
-0.020833
0.006164
0.012395
0.002445
-0.000486
0.003011
0.004341
0.012703
-0.001635
0.011301
0.011677
-0.006266
0.012916
0.017985
-0.012743
-0.019849
0.001228
-0.004288
0.006787
-0.001285
-0.008329
-0.018324
-0.004704
0.012590
0.012249
0.004962
-0.002686
0.006845
-0.008884
-0.000156
0.005121
-0.004860
-0.007919
-0.009647
0.002759
0.002326
-0.023365
-0.005595
0.005024
-0.007330
0.000092
-0.002141
0.009336
0.001338
0.008969
0.001455
0.001213
-0.005463
-0.001835
0.000507
-0.003739
-0.016012
0.017925
-0.017598
-0.014159
-0.004929
0.012397
-0.011055
-0.009928
0.000550
0.009486
-0.001425
0.005405
-0.012429
-0.010643
-0.001457
0.013808
0.012307
0.008772
-0.010584
-0.007135
-0.009980
-0.013501
0.014299
0.014327
0.008123
-0.016946
-0.008710
0.015227
-0.005974
-0.001302
0.003489
0.006687
0.010658
0.007374
-0.015118
-0.003062
0.001126
-0.007678
0.000202
-0.002146
0.018254
-0.004303
0.007597
-0.000524
0.003460
-0.003666
-0.009299
-0.005256
-0.001855
-0.002169
0.001386
0.003574
-0.000233
-0.006196
0.004477
-0.008677
-0.000360
0.011286
-0.001148
0.009444
-0.007107
0.006620
-0.005953
0.000366
-0.000033
0.012821
0.008352
0.004004
0.031111
0.014672
0.013503
-0.005207
-0.013633
0.000057
0.000817
0.001446
-0.000770
0.003014
-0.005551
-0.002025
0.000025
-0.000152
-0.001256
0.010175
-0.001277
0.002055
-0.024936
0.021360
0.002896
0.009383
0.007506
0.015442
0.008476
0.004728
0.000641
0.005534
0.031110
-0.003637
0.003282
0.013569
-0.003781
-0.009027
0.005218
-0.006542
0.010135
-0.004348
-0.002543
0.013378
-0.016646
0.004927
-0.004636
-0.003767
0.006728
-0.007702
0.010673
-0.011181
0.009120
0.003059
0.000080
-0.017730
0.002494
0.008880
-0.008460
-0.000813
0.006008
0.013354
-0.006285
-0.008510
-0.004385
-0.008232
-0.014490
0.020213
0.011268
0.004110
-0.003382
0.009264
0.012053
0.016796
0.002009
-0.012665
-0.013722
0.004688
0.000762
0.000950
0.001987
-0.002134
-0.009918
-0.017490
-0.003239
-0.011042
-0.006259
0.006080
-0.009841
-0.003665
0.004909
0.007037
-0.022668
0.000992
-0.001489
0.005763
-0.003677
0.005774
-0.007586
-0.005044
0.002937
0.007709
-0.018610
0.006297
0.007700
-0.006438
0.005209
0.010329
0.001654
-0.013037
-0.004569
0.001418
-0.013886
-0.009894
-0.000441
-0.000033
-0.001237
0.006475
0.000616
-0.003636
-0.004902
-0.006784
-0.011117
0.002038
0.003547
-0.014179
0.013260
-0.014962
0.005449
-0.008561
0.020302
-0.006798
0.012122
-0.005151
-0.011963
0.000284
0.005437
-0.015971
0.008847
0.012633
0.003602
0.009509
-0.018348
-0.001452
-0.002871
0.000871
0.000120
-0.016997
0.012203
-0.023560
0.000503
0.008720
0.021221
0.013665
0.011323
-0.003021
-0.003209
0.001982
-0.014715
0.006848
-0.006432
0.006644
-0.010448
-0.000335
0.010287
0.006970
0.011499
0.011849
-0.002438
0.009122
0.007081
0.002470
-0.001521
0.011580
0.011059
-0.003059
-0.004317
0.009273
0.003557
0.004591
-0.000438
-0.001257
0.008973
0.013734
-0.006568
-0.010962
-0.000785
-0.004061
-0.004027
-0.002442
-0.005562
-0.007932
-0.018615
0.029138
-0.004930
-0.001824
-0.005475
0.004154
0.009068
0.003323
0.001423
0.012796
0.006639
0.009658
0.005250
0.014244
-0.002436
0.000462
0.003667
0.006485
-0.008175
0.006491
-0.001160
0.017131
-0.007458
-0.021012
-0.032758
0.000297
-0.015379
-0.013990
0.017999
-0.003305
-0.002051
0.008196
0.012192
0.006007
-0.003213
0.024530
-0.010928
0.017615
-0.003118
0.008366
-0.020355
0.013721
-0.002676
0.005098
-0.006171
-0.009738
-0.003348
-0.005553
0.002717
0.017332
-0.008355
-0.013809
-0.013701
-0.019022
-0.003651
-0.001912
0.024386
-0.001846
0.006731
0.006254
-0.009981
-0.010402
-0.000412
0.014868
-0.010516
-0.002489
0.007187
0.003997
0.011958
-0.008778
-0.003695
-0.008524
-0.010586
0.015475
-0.005789
0.012008
-0.006389
0.003178
-0.001652
-0.000116
0.006893
-0.008484
0.012911
-0.003879
0.010852
0.001734
-0.003325
0.008277
-0.000757
0.017726
-0.021095
-0.000658
0.008078
-0.008228
-0.012779
0.006198
-0.007477
0.000774
-0.004813
0.014970
0.011920
0.010471
0.003287
0.007381
0.006140
-0.005020
-0.008309
-0.017367
-0.000219
-0.001773
0.002380
-0.017988
-0.005582
0.011818
-0.006079
-0.009455
-0.006515
0.008695
-0.001825
-0.008424
0.000452
0.002487
-0.004841
-0.013370
-0.005449
0.001372
0.002256
0.004240
0.009716
-0.018597
0.006992
-0.003111
0.003176
0.008474
0.013392
-0.004877
0.018279
0.013658
0.019229
0.007230
0.002555
0.007499
0.000583
-0.001391
-0.011173
-0.012900
0.011648
0.013974
0.008522
-0.005695
-0.014248
-0.006190
-0.003826
0.003141
-0.014606
0.010258
-0.008003
-0.004404
0.014248
-0.015672
0.001736
0.008234
-0.021153
-0.000296
-0.000743
0.006043
-0.003729
0.010520
0.008387
0.009010
-0.002027
0.015663
0.021906
0.017314
0.000944
-0.010234
0.004909
0.011204
0.021854
0.001904
0.020902
-0.000908
-0.000472
-0.007668
-0.000857
-0.010533
-0.005881
0.001454
-0.007231
-0.010641
0.011295
-0.001820
-0.002712
-0.005068
0.022210
-0.005364
0.003261
0.009579
0.009277
-0.007044
0.017283
-0.001166
0.021598
-0.005526
0.012735
-0.004484
0.010913
-0.002938
0.005807
0.004400
0.009002
0.004059
-0.008512
-0.008280
-0.004542
0.016918
-0.001619
-0.006267
-0.014173
-0.009195
-0.009492
0.017950
-0.006336
0.005593
0.037745
0.004189
0.007088
-0.004491
0.003352
-0.002595
-0.001637
0.002616
-0.004656
0.002522
0.008473
0.002599
-0.008233
0.011551
-0.002195
0.001562
-0.013931
-0.013379
-0.007530
0.003075
0.007622
-0.001809
-0.007370
0.003615
0.005718
-0.006787
-0.003435
-0.000900
-0.007044
0.015022
-0.001797
0.004856
0.001343
-0.013837
0.015163
0.008533
0.005905
-0.018006
0.008404
-0.009567
-0.003599
0.010040
-0.025208
0.000755
-0.008455
-0.003232
-0.001925
0.004980
-0.007793
-0.007645
0.010061
-0.003617
0.011846
0.003007
-0.012623
0.003576
-0.018813
-0.005221
-0.020831
-0.009387
-0.015404
-0.010110
0.011959
0.007007
-0.005446
0.026870
0.000586
-0.012975
0.004741
0.018399
0.007508
-0.015408
-0.004366
0.003843
0.002156
-0.000112
-0.007861
-0.001339
-0.011777
-0.008393
0.001507
-0.003850
0.007359
0.004633
-0.002589
-0.016836
-0.032234
0.006105
-0.001440
0.012084
0.000981
-0.004105
-0.001448
-0.001200
-0.005809
-0.002618
0.003079
0.029590
-0.006513
0.003750
0.000307
0.002187
0.005457
-0.011321
0.001912
-0.006893
0.010469
-0.013240
0.011553
-0.012054
-0.000746
-0.011236
0.022411
0.006481
0.008549
-0.000832
-0.002817
0.003166
0.013860
-0.006134
-0.000292
-0.007257
0.010231
0.037991
0.020561
-0.000741
-0.004766
-0.012140
0.013294
-0.009569
-0.005188
-0.010719
-0.010042
0.000119
0.003940
-0.012815
0.004297
0.006295
0.002134
-0.024627
0.004225
0.001676
0.006279
-0.004076
0.001970
0.014466
-0.007240
0.007112
0.003281
0.004837
0.008267
-0.000801
-0.001698
-0.014438
-0.004220
0.001544
-0.004457
-0.003105
-0.009753
0.002237
0.003932
-0.009822
0.010027
0.000128
0.012767
0.006228
0.017870
-0.006525
0.004315
0.001300
0.014638
-0.007269
-0.006917
0.004158
-0.005947
0.003248
-0.000097
-0.001268
0.004986
-0.001660
-0.009502
-0.024839
0.007608
0.012424
0.000209
-0.000660
0.004398
0.006011
-0.009510
-0.014483
-0.015217
-0.006136
-0.012121
0.017489
0.019750
0.010986
0.005945
-0.005752
-0.014653
0.005118
0.000312
0.014109
-0.002063
-0.028565
0.005765
-0.012093
0.008433
-0.006440
-0.003354
0.010415
-0.005159
-0.022305
0.008650
0.004872
-0.000453
-0.013677
0.003612
-0.002999
0.014128
-0.000629
-0.008277
0.004864
0.004602
-0.015326
-0.002291
0.007382
-0.000656
0.008021
-0.011799
0.014557
-0.006881
0.009517
0.004182
0.004859
0.004784
0.010887
0.016843
0.000094
-0.005219
0.004958
0.006359
-0.006297
-0.008766
-0.005447
-0.004021
-0.004530
0.011850
0.009366
-0.001129
-0.000745
-0.002659
0.013829
0.010932
0.003004
-0.010560
-0.006448
0.007494
0.026670
-0.004157
-0.004520
-0.010521
0.001567
-0.002057
0.006277
0.000608
-0.003328
0.003592
0.003941
-0.005109
0.003083
-0.006810
0.008164
-0.012693
-0.015308
-0.000807
0.001811
0.013465
0.007361
-0.007104
-0.009749
0.010596
0.002380
0.007466
0.002049
0.006465
0.007605
-0.012052
0.008786
0.008205
0.000377
0.014807
0.002970
-0.000055
-0.001431
-0.001588
-0.007466
-0.003369
-0.003087
0.007219
0.008196
0.011601
-0.009883
0.003802
-0.008383
0.000090
0.008729
-0.011645
0.006820
-0.004455
-0.018392
0.000207
0.000984
0.003385
0.002852
0.005836
-0.006609
-0.014641
-0.024859
0.002011
-0.013040
-0.010486
0.008654
-0.032530
0.003708
-0.002351
0.019317
0.006112
0.011878
-0.012266
-0.001280
0.006189
-0.005247
-0.002264
-0.003835
-0.006009
-0.006495
0.004736
-0.005746
-0.002319
0.002436
0.000604
-0.000050
-0.019756
0.006855
-0.003650
-0.005145
-0.005159
0.000688
-0.005169
0.015462
-0.018763
0.009710
0.009620
0.003515
-0.006318
0.003880
0.005664
-0.009340
0.001718
0.000273
0.010115
0.002107
-0.006679
-0.015179
0.001480
0.003275
0.001832
0.028605
0.020131
-0.015696
-0.006203
-0.001502
-0.008982
0.000850
-0.013195
0.005816
0.009701
-0.012492
0.001230
0.000367
-0.004743
-0.018922
-0.013291
-0.008190
0.002578
0.003765
-0.002748
-0.003254
0.014363
0.001434
-0.002090
-0.001852
-0.014771
-0.005335
0.004070
0.003590
0.012135
0.008648
0.000798
0.009765
0.009219
0.018884
0.008075
0.009432
0.015117
0.001773
0.013127
-0.005909
-0.007300
0.002910
-0.002390
-0.002727
0.012389
0.004141
0.016628
0.006650
0.000296
0.001293
0.009051
0.005099
-0.007739
-0.004867
0.004195
-0.014738
-0.007867
0.000671
-0.007073
-0.015423
0.007237
-0.009865
0.002694
-0.012563
0.016017
-0.002765
0.000714
0.008269
-0.010654
0.016056
-0.003900
-0.000651
-0.004723
-0.003069
0.009562
-0.012574
0.022924
0.021311
-0.004240
-0.001932
-0.004275
0.019284
0.003417
0.005940
0.003592
0.014157
-0.017532
-0.000787
-0.001780
0.004238
-0.015858
0.020164
-0.009658
0.005933
0.006907
-0.010246
0.008149
0.005460
0.006219
0.001593
0.005397
-0.017604
-0.018071
0.006958
-0.002511
-0.002208
-0.007859
0.005136
-0.006560
-0.000513
-0.004714
-0.026686
-0.015110
-0.003534
0.005769
0.012855
0.012076
-0.000644
-0.007536
0.015019
0.001839
0.008238
0.013770
0.013275
0.002543
-0.013807
0.001797
0.012736
-0.008414
-0.002824
0.005006
0.011732
0.002229
-0.005318
-0.007230
0.003850
0.002912
0.004472
0.007198
-0.000049
-0.000384
0.023496
0.003818
-0.014982
0.001530
0.006234
0.005057
0.004412
-0.002454
-0.000215
0.001579
0.005820
-0.015876
-0.000101
-0.005180
0.002814
-0.002126
-0.003423
0.001896
0.009606
-0.010611
0.014748
0.001498
0.012696
-0.007175
0.011470
-0.010098
0.010379
0.000958
-0.013302
-0.004677
0.006850
0.003446
-0.002402
-0.013461
0.017643
-0.015177
-0.000259
-0.008427
0.004421
-0.001584
-0.005569
0.017341
0.019454
-0.000141
0.019678
0.008016
0.000683
0.003597
-0.020663
-0.028756
-0.002179
0.022630
-0.012089
0.003388
0.000564
0.014324
0.004291
0.005784
0.004277
-0.004753
-0.003831
-0.006370
-0.003166
-0.001637
0.002858
-0.000079
-0.002133
0.007119
-0.007548
-0.004128
0.010935
0.005721
0.010992
-0.016454
-0.022246
-0.013995
0.012037
0.001678
-0.001401
0.015783
-0.008522
-0.006144
0.000012
-0.004116
0.001682
0.004561
-0.013292
-0.012770
-0.009978
-0.000156
0.009819
-0.005455
0.003722
-0.000902
0.019148
0.002672
-0.008188
-0.002071
-0.019344
-0.005962
-0.004242
0.010049
0.004121
-0.010860
-0.014311
0.011170
-0.011017
-0.010479
0.000706
-0.010683
0.000355
0.022676
-0.006463
-0.003498
0.006786
0.011874
0.003048
-0.006536
-0.007384
-0.000116
0.005084
-0.004810
-0.010736
-0.006938
-0.009654
-0.003366
0.009497
0.003528
-0.012886
0.007028
-0.003923
0.001312
-0.011635
-0.012265
-0.001583
0.000885
-0.010756
-0.007923
0.017374
-0.001076
-0.000562
-0.002887
-0.005473
-0.028298
-0.008418
0.013312
0.000772
-0.006793
0.001702
0.030713
0.011077
-0.007855
-0.001804
0.000817
0.007644
-0.001634
-0.007260
-0.014244
-0.002107
0.010861
-0.012168
-0.002852
0.000317
0.004139
0.003343
-0.005536
-0.013659
-0.014269
0.003638
0.013263
-0.008479
-0.009677
-0.003895
-0.004150
0.008050
0.007460
-0.005719
0.000452
-0.002696
0.005731
0.008404
-0.012253
0.008084
0.000306
0.001195
0.014846
0.001669
0.002233
-0.001352
-0.003796
0.002816
0.010419
0.004832
-0.007612
-0.005422
-0.002202
-0.005693
0.000586
-0.015382
0.007434
0.005386
0.004962
-0.006254
0.001269
0.000075
0.002223
-0.004030
-0.004065
-0.000774
0.002107
-0.007692
-0.000129
0.001980
-0.007057
-0.013058
-0.009417
-0.008389
0.003005
-0.006647
0.001697
-0.010146
-0.017955
0.003015
0.011230
0.009035
-0.003487
-0.022154
0.006276
0.001275
0.002626
0.013047
-0.003696
0.001513
-0.002276
0.011189
0.005587
-0.007004
0.004498
-0.000495
0.002518
0.003638
-0.010707
0.003764
-0.011416
-0.012284
-0.021588
-0.003762
-0.001383
0.001364
0.006881
0.001495
0.002048
-0.007522
0.003510
0.016285
-0.001411
-0.004424
0.015393
0.010530
0.011535
-0.004676
-0.001176
0.004838
-0.012185
-0.004222
0.004495
-0.001840
-0.004226
0.019986
-0.011611
0.000443
0.012095
-0.014991
-0.017722
-0.006198
0.008638
0.016358
-0.010818
0.003435
-0.003845
-0.008112
0.003994
-0.010047
-0.023053
-0.015144
0.003171
0.005505
-0.002210
-0.006539
-0.009184
-0.015697
-0.009549
-0.001567
0.011582
0.004468
-0.017298
-0.000824
0.011454
0.002380
0.015633
-0.013648
0.010998
-0.013370
0.003270
0.003230
0.003967
0.000497
-0.016923
-0.023956
-0.009374
0.011401
0.013270
0.004734
-0.002042
-0.004679
-0.010745
-0.010882
0.005719
0.010694
-0.018382
-0.002318
-0.008173
-0.004856
-0.005627
-0.010105
0.000822
-0.004926
-0.010133
0.002701
-0.007681
0.008807
-0.007994
0.007664
0.004535
-0.013610
-0.005039
-0.001202
-0.004080
0.019036
0.020567
-0.000363
0.003605
-0.001939
-0.005053
0.000516
0.005968
-0.012329
-0.003366
-0.009219
0.003714
0.014652
-0.005932
-0.008023
-0.002482
-0.000411
-0.012582
-0.000903
0.004339
0.007267
0.001218
0.004445
-0.008273
-0.003040
0.011433
-0.018434
0.011833
-0.004800
0.003599
-0.000229
0.002462
0.012236
-0.026873
0.028187
-0.015972
-0.002357
-0.021732
0.014785
-0.001755
0.003233
0.010646
0.022763
-0.006475
-0.020818
0.015533
0.003975
0.012630
-0.009926
0.007769
-0.003459
0.006537
-0.000400
0.004190
0.021014
-0.002351
-0.005132
-0.012122
-0.002848
0.000477
0.013068
-0.002888
-0.014860
0.012026
-0.000252
-0.003988
-0.006846
-0.002100
0.011970
-0.008171
0.008579
0.004186
-0.000553
-0.000666
-0.007070
0.001755
0.001775
-0.002762
0.015162
0.028731
0.013763
0.011556
-0.010322
0.005534
-0.002003
-0.000709
0.011884
-0.006159
-0.029072
0.002040
-0.003686
-0.001638
-0.001791
0.013306
-0.021863
-0.015353
0.015724
-0.004033
-0.001590
-0.007036
0.003578
0.001568
-0.008917
-0.006969
0.008957
-0.001679
0.004215
0.011558
0.009871
-0.009372
0.013755
0.005711
-0.002722
-0.001642
0.003272
-0.001155
0.017490
0.016244
0.007228
-0.011065
-0.000145
0.000896
0.007675
0.016509
-0.008424
0.000488
0.010627
0.011905
0.014261
0.002260
-0.002890
0.003709
0.009432
-0.005132
0.000744
-0.006990
-0.007669
-0.006656
-0.011244
0.007168
0.013997
0.002955
0.011868
-0.000081
0.009429
-0.003931
0.005637
0.003949
0.002134
-0.006576
-0.010061
0.010616
-0.007909
0.004959
0.006139
0.002722
0.004536
-0.013829
-0.016932
0.004217
0.006796
0.001628
-0.000439
-0.001189
0.018122
0.008022
-0.008923
-0.003006
0.003892
0.004388
-0.001042
0.004637
0.005840
0.002587
0.018479
-0.001951
-0.006063
0.003242
0.019014
0.000956
0.002518
0.002698
-0.001353
0.000790
0.010029
0.005202
-0.011402
0.005494
0.001778
0.002953
0.004142
-0.002070
0.009780
-0.000514
-0.006805
0.019011
-0.017704
0.007609
-0.006338
-0.007578
-0.000970
0.004706
0.009460
0.006951
0.010450
0.007891
0.005851
-0.011510
-0.009428
-0.002263
-0.003698
0.001517
-0.000754
-0.003582
-0.008702
-0.005475
0.014163
-0.006026
-0.004978
-0.011359
0.009219
0.001220
0.013227
-0.004795
-0.004886
0.006111
-0.003725
-0.017517
-0.001512
0.003192
0.005867
0.000018
-0.008491
0.010096
0.013747
-0.012553
-0.025922
0.015969
0.004464
-0.002597
-0.000677
-0.001596
0.006862
-0.001800
-0.004429
0.009354
-0.001318
0.007284
-0.000592
-0.000737
-0.000973
-0.009264
0.000766
-0.020721
-0.006598
0.006119
0.005144
-0.003509
-0.006607
0.024761
0.004975
0.002294
-0.005948
-0.009413
0.001244
-0.003921
0.005176
0.000710
-0.008010
0.003795
0.000158
-0.004054
0.013894
0.000121
0.035578
-0.038612
-0.017225
-0.016613
0.018846
-0.000617
0.001157
-0.008412
0.001438
-0.000782
-0.000571
0.000457
-0.011315
-0.002092
-0.004072
-0.005501
0.008573
-0.002936
0.002080
-0.001772
0.009587
-0.007421
0.003706
0.002121
0.004473
0.011419
-0.001206
0.001775
-0.011054
-0.004133
0.018531
-0.004399
0.005237
0.002372
0.004918
-0.013488
-0.000701
0.010984
-0.005073
0.021352
-0.002410
-0.014609
0.029666
0.007291
-0.028965
0.009460
-0.008986
-0.010726
-0.000228
-0.011050
-0.002133
-0.008443
0.000795
-0.004678
-0.007957
0.001336
-0.010302
-0.000218
0.013772
-0.002885
0.004367
0.030042
-0.012578
0.005519
0.000250
-0.002875
-0.002893
0.002957
-0.018518
0.016820
-0.000408
-0.003652
-0.016485
-0.010658
0.007658
-0.008329
-0.000034
0.007152
0.012296
0.009978
0.003950
-0.000600
-0.001216
0.002599
-0.015631
0.000593
0.006655
0.001033
0.011942
0.005177
0.002596
0.010021
0.001208
-0.003152
-0.002258
0.014082
0.001422
-0.010250
0.011017
0.003447
-0.009736
0.012880
-0.003824
-0.003402
-0.008215
0.002918
-0.008669
0.002239
-0.001819
-0.007899
-0.012599
0.003390
0.000236
-0.000208
0.007313
-0.036562
-0.007844
0.002736
-0.002583
-0.006424
0.002541
-0.009447
-0.017013
0.006947
0.008102
-0.006503
0.013486
-0.006940
-0.004550
-0.021517
-0.007885
0.000518
0.000321
-0.017256
0.016011
-0.022772
0.027500
0.005456
0.012892
0.009564
-0.014864
-0.003457
-0.007595
-0.001945
0.001936
0.003657
-0.005324
0.013482
0.001259
-0.000394
-0.009397
-0.018308
-0.007311
0.006566
-0.007862
-0.001442
-0.005124
-0.000436
0.023983
-0.006338
-0.016327
0.001411
-0.004981
0.004861
0.009116
-0.005346
-0.002402
0.003837
0.002225
0.000232
-0.006898
-0.018244
-0.011437
-0.026158
-0.010648
0.001208
0.001353
0.001447
0.000372
-0.006114
0.005358
-0.003462
-0.022723
0.001605
0.012118
0.011088
0.013046
-0.004003
-0.006815
0.004153
0.014602
-0.020992
0.011661
0.007613
-0.004915
-0.026339
-0.008373
-0.002576
-0.000513
0.010907
0.010653
0.004084
-0.017581
-0.005130
-0.002793
0.003815
0.000193
-0.012710
0.000606
-0.017080
0.013751
-0.000631
0.015169
-0.014118
0.019098
0.001151
-0.006304
0.001857
0.003460
0.004488
0.001522
-0.005012
-0.005893
0.008262
-0.009900
-0.008800
-0.014692
0.010254
-0.011301
-0.014854
0.016749
0.002471
-0.013345
-0.004060
-0.001663
0.004765
-0.007833
0.000642
-0.018918
-0.007255
-0.002863
0.004964
0.000836
-0.007812
-0.004960
-0.000134
-0.004337
-0.005019
-0.000890
0.005515
-0.004857
-0.005165
0.032469
-0.012273
-0.005260
0.001417
-0.008869
-0.000354
-0.005960
0.002060
0.004873
0.005821
-0.001362
0.002458
0.005465
0.001794
-0.010250
0.017690
0.010643
0.007319
0.006850
-0.011866
0.000979
-0.023196
-0.027624
0.009430
-0.005027
0.003313
-0.001606
0.003668
0.000412
0.009791
-0.007357
-0.002462
0.005889
-0.008849
0.007068
-0.008287
-0.001156
0.011671
-0.006117
0.003202
-0.000716
-0.007934
-0.007430
0.016321
-0.007962
0.001027
0.010272
-0.002856
-0.000894
0.006732
-0.016518
-0.002254
-0.001960
0.022314
0.009768
0.013278
-0.003366
-0.008369
0.005097
0.003665
-0.019879
0.016087
0.009205
0.020220
0.002047
0.007762
0.015499
0.012530
-0.000219
0.010757
-0.010536
-0.007762
-0.024689
0.008280
0.001550
-0.001298
-0.001177
0.013794
0.013645
0.011804
-0.001388
0.000097
-0.022053
0.017030
0.010867
0.005800
-0.002692
0.019386
-0.021413
0.019742
-0.004398
-0.003953
-0.013140
-0.018100
-0.018916
0.022428
-0.010169
0.001405
-0.001359
0.013537
-0.006717
0.009555
-0.004801
-0.001454
0.007013
-0.013488
-0.007102
0.008679
-0.015301
-0.003423
0.013669
-0.007452
0.011015
-0.003342
-0.022053
-0.006561
0.004705
-0.006912
-0.001036
-0.009915
0.011889
-0.000103
0.015193
-0.007067
-0.004548
-0.010887
0.010043
-0.031918
-0.017951
0.008122
-0.003346
0.006009
0.017291
-0.008199
-0.020642
-0.003270
-0.022401
0.002384
0.006014
0.000505
0.004471
0.001860
-0.002327
0.001130
-0.011696
0.013184
0.011220
-0.010158
0.012818
-0.007950
-0.002011
0.014015
-0.006523
-0.000975
-0.005996
-0.026148
0.004404
0.007466
0.030909
0.005175
0.005688
-0.008261
0.008669
0.017196
0.005731
0.005342
0.002356
-0.004279
0.006243
-0.007859
0.000657
-0.013842
0.008395
-0.003555
0.005353
-0.006899
-0.010310
-0.004532
0.003610
-0.016134
-0.008969
-0.015126
0.006264
0.015065
-0.003895
-0.010686
-0.002075
-0.000735
0.004362
-0.008416
0.000994
-0.003619
0.000281
-0.005233
0.016617
0.017749
-0.018319
0.003500
-0.004265
0.007882
0.000232
0.014128
0.014445
0.002661
0.001302
0.006755
-0.002680
0.007534
-0.028021
0.000470
0.009973
0.005714
-0.006603
0.004763
0.018423
-0.013546
-0.002655
0.003408
-0.003378
-0.010510
-0.014295
0.002051
0.020404
0.006617
0.003702
-0.001629
-0.002028
-0.005763
0.006386
-0.001188
0.001935
-0.010502
0.018662
-0.007806
0.000944
0.032506
0.031168
0.017214
0.009422
0.014383
-0.002496
0.001488
-0.009224
0.005055
-0.012676
0.005711
0.011191
-0.001181
-0.009737
-0.000519
-0.000487
0.001430
0.000833
-0.012779
-0.012402
0.018933
-0.005344
0.011123
-0.020333
-0.005640
0.003584
-0.011328
0.002829
0.002565
0.010001
0.006437
0.000993
-0.000215
0.013297
-0.011210
0.001275
-0.004380
-0.010320
0.018168
0.016151
0.007365
-0.005581
-0.001282
-0.008438
-0.025199
-0.014166
-0.006876
0.000999
0.001447
-0.008377
-0.004892
-0.007370
-0.006720
-0.003282
0.008821
0.008332
0.007026
0.003962
-0.010192
-0.008681
0.015500
0.008648
-0.008267
-0.001732
-0.009234
-0.028810
-0.008172
0.030255
-0.002411
0.003394
-0.004925
0.004958
-0.005869
0.001475
-0.017210
0.005453
0.002404
-0.004402
0.000571
-0.009052
0.015970
-0.011551
0.004095
0.011492
-0.005774
-0.006583
-0.021741
0.002710
0.008205
0.009407
-0.041269
-0.032126
-0.019064
0.004958
-0.009958
-0.009467
-0.001083
0.011791
-0.002658
-0.000910
0.004488
0.001705
0.000965
0.014165
0.001451
0.007265
0.004076
-0.001557
0.007244
0.023498
-0.011787
-0.005473
0.004841
-0.008232
0.018713
-0.011213
0.020158
-0.011544
0.004472
-0.002173
-0.010749
0.003623
-0.002859
0.013416
-0.012901
0.000039
-0.003275
0.015831
0.013142
0.004403
-0.015841
0.011866
0.010672
0.021356
-0.004838
-0.001650
-0.021556
0.011634
-0.004773
-0.002243
-0.004311
-0.002079
0.000853
0.002957
0.000213
-0.001461
-0.003100
-0.003814
0.000896
0.012344
0.013916
0.001688
-0.002383
0.002200
0.010497
-0.008520
-0.001045
-0.011007
-0.013072
0.012614
0.001065
-0.000470
0.000120
0.013375
-0.003757
-0.002386
-0.011297
-0.018694
-0.015329
0.005968
-0.002257
-0.003430
-0.003861
0.008944
0.002193
0.001892
0.005521
-0.006704
-0.004537
0.005773
-0.007210
-0.018175
0.001519
-0.005093
0.006727
0.009300
-0.011435
-0.018928
0.005171
0.015857
-0.001026
-0.015248
-0.002581
-0.011858
0.014906
0.002491
0.010196
0.004270
0.008684
0.012025
-0.012369
0.007947
0.002776
-0.004129
0.013151
0.006858
0.008152
0.015018
-0.003199
0.008669
-0.004948
0.008892
-0.000828
0.008700
-0.007907
0.007160
0.002388
0.003589
-0.012037
0.003147
0.001381
-0.005875
-0.007225
-0.013991
0.007673
0.013945
0.000447
0.007340
-0.013166
0.004070
0.006424
0.022368
-0.018894
-0.012214
-0.018562
0.008121
-0.012701
0.004075
-0.010622
-0.004723
-0.006351
-0.003615
-0.006366
0.004002
0.001705
0.009676
-0.004010
0.001683
0.004943
0.004878
0.004306
0.009878
0.002262
-0.007129
0.022868
-0.011599
-0.001167
0.018321
0.000099
0.023747
-0.018148
0.026537
0.006368
0.006738
0.002916
-0.012226
0.003352
0.003754
-0.004463
-0.009407
-0.002692
0.025561
0.008714
-0.004493
-0.002247
-0.012520
0.008436
-0.003735
-0.004719
0.018321
-0.021479
0.001780
0.004389
-0.001202
0.004745
-0.006776
0.001149
-0.000325
0.009276
0.000086
-0.007410
0.010254
-0.024621
0.003888
0.014000
0.013963
0.017988
0.012446
0.003146
0.011733
-0.007490
-0.008816
0.007593
0.013592
-0.012376
0.005885
0.015120
-0.007543
-0.011387
0.005697
0.010853
-0.020708
0.030361
0.022220
-0.001386
-0.003724
-0.004490
0.000208
-0.006361
-0.001977
0.009532
0.000453
-0.007704
-0.009142
-0.006124
0.008506
-0.005093
0.001351
0.003822
0.002744
0.002787
-0.010542
-0.002337
0.003076
0.010355
0.024413
0.002420
-0.000062
0.008917
-0.007173
-0.000838
0.015750
-0.003729
-0.001771
-0.011727
0.000325
-0.001656
-0.013160
0.010402
-0.005200
-0.004722
0.004171
-0.016043
-0.005987
0.000152
-0.000518
-0.004758
-0.003588
-0.012567
-0.009451
0.003141
0.005877
-0.000981
0.013010
-0.015052
-0.002702
-0.004900
0.005887
-0.004373
-0.014886
-0.006802
0.001670
0.002616
-0.011853
-0.008625
-0.013426
0.001281
0.004700
0.017869
0.012380
-0.002115
0.001029
-0.002461
-0.002655
0.008348
0.004307
0.003228
-0.010941
-0.011415
-0.013979
0.007081
-0.014478
0.002161
-0.003894
-0.007375
-0.019621
-0.008425
0.022168
0.003493
-0.004012
-0.013242
0.000271
0.004505
-0.007174
-0.004024
-0.009723
0.006911
-0.001681
-0.009169
0.003518
-0.010842
0.008164
-0.022558
0.002641
0.002414
-0.000331
-0.008215
-0.000316
-0.013282
0.000605
0.014261
0.012311
-0.008052
-0.010806
-0.021230
-0.002570
0.007112
-0.009181
0.011579
0.002253
-0.005592
-0.004027
0.002050
-0.000730
0.007503
-0.003953
0.000672
-0.002063
0.004134
0.024947
-0.007982
-0.026173
-0.016453
-0.002832
-0.014597
0.002518
0.004600
0.000154
0.011539
0.002866
0.005444
-0.008176
-0.007113
-0.001196
-0.002810
-0.009178
0.000722
-0.005020
-0.003933
0.001126
0.006641
0.041631
0.008328
0.007821
0.009944
-0.007657
0.006502
-0.004462
0.005185
0.005678
-0.003786
0.008464
0.009294
-0.016319
0.000678
-0.013431
-0.002570
0.002622
-0.005109
0.004209
0.004440
-0.002585
-0.015653
-0.021979
0.007372
0.019994
-0.028693
0.005221
0.001424
-0.015200
0.005786
-0.022755
0.031525
0.008895
0.004940
0.000540
-0.000016
-0.005069
0.005679
-0.003448
0.016407
-0.006032
0.005020
-0.007760
0.000550
-0.030384
0.005318
0.001106
0.004574
0.011797
0.004025
-0.006856
-0.007132
0.012733
0.006398
-0.005800
-0.010010
-0.013956
0.004553
0.007243
0.015220
-0.004354
-0.000983
-0.000880
0.005288
-0.008900
-0.015804
0.012882
0.000395
-0.011324
-0.008145
0.012336
0.001937
-0.003176
-0.005415
-0.003613
-0.001803
0.000857
0.003241
0.000180
-0.014814
0.015560
0.009107
-0.005250
0.001491
0.016551
0.002771
-0.001976
-0.007459
0.013821
-0.003400
0.002806
0.001826
0.002042
-0.003232
0.009966
-0.002750
-0.008436
0.004110
0.004868
0.003975
-0.004186
-0.012623
0.001247
-0.006872
0.014399
0.021290
-0.004492
0.009153
0.004291
0.004979
0.000319
-0.010821
0.015050
0.004413
-0.005996
-0.003597
-0.010236
0.012461
-0.002912
0.004778
0.005324
0.006032
0.003784
0.001970
0.001580
0.057550
-0.004761
-0.002552
0.009219
0.012494
-0.008203
-0.003798
-0.006340
0.003742
0.008863
-0.002142
-0.010063
-0.007835
-0.006979
-0.000582
0.003522
0.015899
-0.005078
0.003659
-0.009808
0.008370
-0.001977
0.010606
-0.021204
0.002883
0.003253
-0.002639
0.007650
0.009406
-0.000402
-0.000358
0.025212
0.005248
-0.012564
-0.002330
0.003133
0.011018
0.007750
-0.011640
-0.009804
-0.016725
-0.007938
-0.003670
0.001602
0.004328
0.000714
-0.000664
0.004130
0.000242
0.013126
0.007981
0.003089
-0.005746
0.011744
-0.000428
-0.005660
-0.011063
-0.003017
0.009803
0.000170
0.005560
-0.005627
0.014129
-0.003372
-0.003267
-0.002432
-0.002450
-0.000104
-0.019986
-0.007154
0.006330
-0.007786
-0.017104
-0.015932
-0.008004
-0.021456
-0.008045
0.009048
0.013905
0.013585
0.017403
0.000433
-0.003535
0.012412
-0.007330
0.007752
-0.006062
-0.007282
0.011200
0.015714
0.017297
0.027564
-0.013687
-0.002285
-0.017087
-0.003938
0.020544
0.009002
-0.001512
-0.000161
0.015889
0.002357
-0.004359
0.000375
-0.002939
-0.005615
-0.003468
0.000726
0.001320
-0.004466
0.003027
0.000358
0.004517
0.009030
-0.002680
0.001755
-0.016703
0.007623
0.002370
0.006820
0.011467
0.004827
-0.007094
-0.008948
-0.019016
-0.013260
0.007444
-0.002218
-0.009819
-0.006616
0.004969
-0.003348
0.004512
-0.001940
-0.005519
-0.005504
0.001919
-0.008362
-0.006765
-0.008687
0.011932
0.017249
-0.007836
-0.004514
-0.001206
-0.007942
-0.001585
0.032731
-0.010490
-0.018034
0.006372
-0.001964
-0.009455
-0.017082
-0.004277
-0.008891
-0.005781
0.006165
0.004230
-0.009234
-0.013571
-0.000450
-0.002798
0.001564
-0.001268
-0.014360
-0.007674
-0.001605
0.003717
-0.013715
-0.018584
0.009017
0.000248
0.011226
0.011289
0.012027
-0.007119
0.002124
-0.008938
0.012834
-0.006072
0.006686
-0.004919
-0.002192
0.000236
-0.009960
-0.005674
0.005544
0.032499
-0.007226
-0.001446
0.003561
-0.011628
-0.009660
0.000470
0.007504
-0.016725
-0.005444
-0.008039
-0.004550
0.002437
-0.003530
-0.001531
-0.006960
0.000317
0.004219
0.017934
-0.005266
0.006145
0.011216
0.010149
-0.016229
-0.017830
-0.017025
-0.004056
0.000534
-0.009062
-0.005621
-0.018851
0.006754
0.013333
-0.007770
0.003945
-0.002785
-0.006618
-0.005514
0.001412
0.004330
-0.005385
0.004025
0.006727
-0.015206
0.024954
0.014448
0.032258
-0.010028
-0.006285
-0.008565
-0.001087
-0.010331
0.003562
-0.007350
0.002382
0.015203
-0.003313
0.001404
-0.009097
0.010159
-0.007634
0.008027
0.013337
-0.025458
-0.010725
-0.000259
0.000226
-0.007734
-0.005548
-0.007757
-0.011253
-0.007346
-0.004969
-0.010567
-0.005426
-0.013815
-0.001122
0.016165
0.013287
-0.023342
0.007828
-0.003480
-0.013094
0.008610
-0.024013
-0.005291
0.002428
0.014088
-0.005389
-0.009025
-0.016866
0.015592
-0.013787
0.007700
-0.010831
0.007255
-0.007504
0.004390
0.014102
-0.015257
0.019512
0.005426
0.010399
-0.004859
0.000526
-0.010961
0.008419
0.017451
-0.005478
-0.009867
-0.001956
0.003904
0.007586
-0.000137
-0.009731
-0.018714
0.006652
0.000785
-0.008052
0.002283
-0.009962
-0.003070
-0.004416
-0.005796
0.000635
0.005832
-0.002390
-0.004836
0.004239
0.024224
0.005985
0.011535
-0.004273
-0.005283
-0.006019
-0.003277
0.009505
-0.006811
0.011587
0.016182
0.013128
-0.011084
-0.009623
-0.014847
0.007564
0.005008
-0.001968
0.007178
0.014457
0.001586
-0.010215
-0.006061
0.018599
0.006597
0.005178
0.007559
0.002779
0.011170
0.014535
-0.007059
-0.000678
0.002487
0.002154
0.014306
-0.007210
-0.006483
0.010065
0.007022
0.014958
0.007321
0.019409
0.004522
-0.004145
0.009353
0.005982
0.010823
-0.014333
-0.004781
0.022121
0.004648
0.002971
-0.010176
0.019270
-0.007153
-0.000253
-0.004246
0.007269
0.001431
0.010108
-0.007626
-0.014772
-0.015781
0.018826
0.005672
-0.005876
-0.005402
0.006214
0.004706
-0.003647
0.002961
-0.001256
0.008654
0.002695
0.008412
-0.006262
0.001312
-0.009961
0.005347
0.011415
0.006707
-0.003358
-0.005329
-0.035767
0.039246
-0.005214
-0.016416
-0.002391
-0.008791
0.003977
-0.003466
0.001018
0.000815
0.016749
0.006787
0.004433
-0.018432
0.004096
0.002335
0.002206
0.017139
-0.013635
0.006779
0.002446
0.001780
0.005062
-0.009642
0.008493
-0.001420
-0.009511
0.015048
-0.016843
-0.005014
-0.016224
0.016505
0.007561
-0.016882
-0.013387
0.015686
-0.003126
0.005728
-0.014105
0.014878
-0.006716
0.005159
0.009598
0.004205
0.017044
-0.007205
-0.004907
-0.000170
0.007612
0.000699
0.004466
-0.008259
0.002474
0.018453
-0.005564
-0.007486
0.006543
-0.006200
0.000085
-0.016427
-0.001356
0.003317
0.017178
0.005264
-0.007783
-0.007008
-0.001189
0.025754
0.020779
-0.001781
-0.005896
-0.002020
-0.005912
0.007788
0.010697
-0.012962
0.001115
0.008357
0.009882
-0.007705
-0.001876
0.002835
-0.006223
-0.015452
0.005517
-0.012497
0.008336
-0.004243
-0.008242
0.013716
0.040129
-0.009834
-0.000553
-0.001000
-0.002893
0.007921
0.002243
-0.007883
0.006040
-0.010575
-0.002271
-0.002185
0.000654
-0.000050
0.004697
0.013734
-0.029022
-0.010308
0.010134
0.007013
0.004771
-0.010446
0.009143
0.002406
0.000066
-0.009039
-0.015533
-0.014792
-0.000428
0.000534
-0.008673
0.046287
0.039807
-0.037954
-0.031754
-0.013550
0.000338
0.008022
0.010174
0.007567
0.021449
0.009889
0.012006
-0.008968
-0.007595
-0.001821
-0.008652
-0.003522
-0.018208
0.003950
0.001648
-0.007085
0.005567
0.004925
-0.002686
0.016015
0.012025
0.002879
-0.014232
-0.003948
0.004788
0.009803
-0.002238
0.002218
-0.010815
0.010105
0.004702
-0.000437
0.004890
-0.005604
-0.008489
0.001709
0.002078
-0.010381
-0.006356
0.004619
0.012553
0.002134
0.018652
0.006442
-0.003248
0.001838
0.003116
-0.018144
-0.006519
0.004369
-0.014705
0.001860
-0.005566
0.006647
-0.000833
-0.011210
0.004695
0.007625
0.009053
-0.008553
-0.010210
0.015328
0.024915
-0.000384
0.007753
-0.004203
-0.001048
0.005547
0.000315
0.002094
-0.006736
0.004860
-0.011249
-0.010421
0.004717
-0.009078
0.003433
-0.019021
-0.010122
0.005454
0.009367
0.006952
-0.003964
0.004629
0.010556
0.006590
-0.003849
0.003927
-0.000458
0.007107
0.011174
-0.005302
-0.001591
-0.004236
-0.009286
0.008626
-0.002930
-0.002631
0.001503
-0.006144
0.003764
0.009565
0.006006
0.004110
-0.001900
0.007574
-0.001953
0.001481
-0.004625
0.009151
0.003915
0.011512
-0.014571
-0.002762
0.005021
-0.003086
0.011979
-0.011135
0.007143
-0.001390
-0.000934
-0.003054
0.017586
-0.000333
-0.004169
-0.003757
0.003843
0.009066
-0.005221
0.003367
-0.014903
0.009607
0.014500
0.004181
0.001780
0.003663
0.002921
0.008032
-0.007213
0.012974
0.008077
-0.001737
-0.001306
0.002521
0.012122
0.004669
-0.003234
0.005842
-0.003130
0.018757
-0.010999
0.022293
0.002409
0.001966
-0.016857
0.009315
-0.019646
-0.004414
-0.012374
-0.000506
-0.004195
0.000014
-0.001567
0.013313
-0.011521
0.002345
-0.003427
0.013935
-0.019790
-0.023347
-0.015124
0.004224
-0.003799
0.025075
0.007309
0.013708
0.002131
0.000782
0.005848
-0.014767
0.003374
0.007952
-0.012275
0.011707
0.009769
0.026289
0.007681
0.003782
-0.002256
-0.001284
0.002222
0.020589
0.013195
-0.012055
-0.001641
0.002469
0.005680
0.001703
-0.001219
0.008967
0.002301
-0.002415
-0.023322
-0.010536
0.013100
0.000259
-0.004910
-0.001338
0.002139
-0.004732
-0.003281
0.012283
-0.004741
0.010840
-0.002264
0.012476
0.009698
0.004006
-0.001785
0.002189
0.017064
-0.007756
0.002911
0.008406
-0.000180
0.006818
-0.002133
0.007294
0.002959
-0.005022
-0.017047
0.001343
0.003237
0.015530
-0.004294
0.003378
0.004006
0.007514
-0.004093
0.005537
0.002057
-0.005163
0.009302
0.016804
0.002614
0.008279
-0.009575
0.000332
-0.001862
0.008485
-0.012075
-0.000016
0.003310
-0.012318
0.012994
0.000290
-0.004339
0.009938
-0.005734
0.003640
0.019225
-0.004434
-0.006036
0.001041
0.000483
0.009158
-0.005393
-0.002076
0.011752
0.006256
0.001347
0.002450
-0.010239
0.007760
-0.009699
0.016777
-0.009603
0.006723
0.007218
0.021105
0.006256
-0.016638
0.011330
0.005422
0.009606
-0.006803
-0.008291
-0.011991
0.010445
0.000665
-0.008652
0.005507
-0.014953
0.002355
0.005211
-0.009148
-0.004890
0.007534
-0.017811
-0.002630
-0.015301
-0.000721
-0.006612
-0.011398
0.006891
-0.005458
-0.013198
0.009832
0.010318
-0.006986
-0.000263
-0.020943
0.006517
-0.010036
0.001755
-0.013183
0.008016
0.008207
0.002899
-0.011828
-0.023748
-0.008970
-0.002885
0.016279
0.000907
-0.003491
0.005575
-0.001524
0.007315
0.000217
0.010877
-0.008238
0.004941
-0.005911
-0.007040
0.001629
-0.004991
0.010107
-0.022635
-0.011046
-0.006607
-0.012986
0.004128
-0.006388
0.012673
-0.020882
0.012551
-0.003299
-0.000389
0.014350
0.010581
-0.003901
-0.005341
0.006825
-0.033126
0.021854
0.009740
0.003712
0.001381
0.022665
0.007421
0.019398
-0.007208
-0.001146
0.005158
-0.010794
-0.003004
0.000428
0.023452
-0.009790
0.006777
-0.000424
0.007647
0.010674
0.013412
-0.002162
0.003061
-0.011410
-0.012157
-0.003915
0.005407
0.001254
0.008570
-0.008731
-0.027529
0.000770
0.009602
0.000261
0.008379
-0.018030
0.003959
-0.016762
0.009557
-0.015433
0.018643
-0.003748
0.007404
0.002554
0.001327
-0.003707
0.010845
0.009013
0.004877
-0.007557
-0.015170
0.002601
0.007163
0.006200
-0.008484
0.005558
0.015694
0.009682
0.000374
0.009200
-0.003178
0.003497
0.006959
-0.003371
-0.013943
0.012744
-0.003329
0.012729
-0.002200
-0.000443
-0.014250
0.004246
0.017196
-0.000935
0.000737
0.008878
0.022153
0.001793
-0.008335
0.000335
0.002235
0.000970
0.011448
0.008520
-0.001194
0.000781
-0.001995
0.004143
-0.006730
0.001386
0.006726
-0.007561
-0.009350
-0.004481
-0.006728
-0.006592
-0.003538
0.002396
-0.007951
0.003332
-0.003588
-0.013926
0.010829
-0.013478
0.012933
0.002907
0.017910
-0.019396
-0.050066
0.002711
-0.007665
-0.000863
0.002865
0.003126
0.013781
-0.001830
0.018850
0.013985
0.007668
-0.000984
0.002765
-0.004161
-0.003613
-0.000137
-0.003863
0.011439
-0.001673
0.015729
-0.003949
-0.000249
0.013003
-0.001169
-0.008840
0.004277
-0.007446
-0.003433
-0.008967
-0.005707
0.014003
0.017729
-0.007947
-0.000275
0.010793
-0.011362
0.005300
-0.000090
0.011682
-0.004050
-0.005859
0.003524
-0.003635
-0.000595
-0.009177
-0.007537
-0.003619
0.011222
-0.000155
0.005751
0.017232
-0.007992
-0.016835
0.011053
0.003076
-0.007538
-0.003919
0.002996
-0.009504
0.022850
0.001594
-0.007935
0.008144
0.007363
-0.010419
0.005455
0.000896
0.000497
0.006674
0.015638
-0.008974
-0.003484
0.009513
0.012455
0.008044
-0.007874
-0.006562
0.004505
-0.002402
0.000159
0.005002
0.000708
0.002932
-0.003393
-0.007083
-0.012068
-0.005142
-0.012598
0.007975
0.001321
-0.013059
-0.018844
-0.023793
0.012333
-0.000758
0.000453
0.009151
-0.007997
-0.012567
0.004227
-0.009460
0.002385
0.016772
0.003605
-0.009836
-0.002501
0.008458
0.006614
0.013738
0.002053
-0.010066
-0.008876
-0.004035
0.000645
-0.005198
0.009847
-0.003970
0.000832
0.004864
0.012471
-0.009143
-0.013261
0.014620
0.013714
-0.015037
0.019358
-0.015201
0.007867
0.027576
0.015951
0.012541
-0.008159
0.012333
0.000775
0.008453
-0.006286
-0.008931
0.001480
-0.010516
0.012544
0.005842
-0.001367
0.006509
0.008582
-0.002700
0.013618
-0.015135
-0.011995
0.004203
0.000761
-0.003098
0.012003
-0.002102
-0.008811
-0.012572
0.000192
-0.009774
0.017672
0.001186
-0.002907
-0.010397
-0.013275
-0.003285
0.002033
0.009800
-0.008888
0.003183
0.003669
-0.016661
0.004793
-0.004232
-0.012824
-0.001498
0.002600
-0.000439
-0.015164
-0.002056
0.006663
-0.003748
-0.005436
-0.019594
0.003555
0.003520
0.009136
-0.006044
0.000069
0.005515
-0.016234
0.008190
0.008097
0.000265
0.000883
-0.001289
0.004559
0.007224
0.003309
-0.010615
-0.010377
0.006057
-0.015926
0.001167
0.003400
-0.012868
-0.004389
-0.003036
0.019402
-0.001983
-0.021073
-0.000211
-0.002141
0.003953
-0.003115
-0.002435
0.000205
-0.007588
0.003484
0.007975
0.000303
0.007823
0.005235
0.006597
0.007922
0.006541
-0.014144
0.008242
-0.002562
-0.007246
-0.006204
-0.008450
-0.002710
-0.002622
-0.001573
-0.014024
0.024943
0.002271
-0.002166
-0.011946
-0.002452
0.007535
0.020073
-0.011108
0.013994
-0.007921
-0.024464
-0.010407
-0.001198
0.002605
0.000707
-0.008027
0.000793
0.002342
-0.000072
-0.006961
-0.003914
0.001343
0.012067
0.008234
0.004671
-0.008002
-0.004894
-0.014853
0.011238
0.010532
-0.002069
0.017136
-0.007414
0.004082
-0.001055
-0.006547
-0.005004
-0.024277
0.018661
-0.008013
-0.002851
-0.002343
-0.009754
0.001935
0.005231
0.012528
0.002322
0.001643
0.000280
0.012195
0.008909
-0.008420
-0.006459
0.012795
-0.023067
-0.002569
-0.009149
0.013585
-0.013502
0.014233
0.001206
0.003358
0.007098
0.013736
-0.004137
-0.012762
0.008441
-0.012060
-0.005229
-0.015909
0.011472
-0.008377
0.006554
0.002009
0.011719
-0.015036
0.030566
-0.007092
-0.004286
0.003745
-0.009567
0.019130
0.014455
-0.012960
-0.011384
0.008259
-0.003731
0.005617
0.000153
-0.000029
-0.010717
-0.009980
0.003099
0.005931
-0.002388
-0.007688
-0.029163
0.042551
0.002719
-0.009387
0.010420
-0.025635
-0.000159
0.014507
-0.006298
-0.003992
-0.010661
-0.005006
-0.015595
0.006636
0.002274
-0.002852
-0.002858
0.004375
-0.000985
-0.013038
-0.005231
-0.010424
0.001649
0.010063
-0.007230
-0.004592
0.006040
-0.000304
0.011144
-0.037562
0.013046
-0.008368
0.014142
-0.001068
0.031918
-0.015717
0.004531
-0.008058
0.029755
0.005958
-0.022075
0.011129
-0.006502
0.001322
-0.007997
-0.019108
-0.000263
0.005380
0.002295
0.002870
-0.000016
-0.001000
-0.004060
0.010645
-0.007314
0.002846
-0.019249
0.019564
-0.002875
-0.012305
0.005812
0.001972
0.007307
-0.005496
-0.006087
0.012321
0.013713
-0.000011
-0.005407
0.020023
0.002514
-0.009975
-0.003565
0.001157
0.000639
-0.008875
-0.020933
-0.006025
0.009193
-0.002187
0.007319
0.002339
0.010731
0.011175
0.015157
0.001608
0.006523
0.015173
0.013772
0.014449
-0.001719
0.006812
0.014353
0.004000
0.001873
-0.002328
0.011180
-0.005730
-0.015312
-0.003619
-0.003510
-0.005018
0.002246
-0.000968
-0.002563
0.002987
-0.013704
-0.016077
-0.002978
-0.030774
-0.010127
-0.002171
-0.001117
-0.023812
0.010476
0.005693
0.007338
0.000069
0.001931
-0.010369
-0.002242
0.018440
-0.016128
0.001459
0.005657
0.019524
0.007162
-0.010038
-0.015487
-0.000135
-0.008648
-0.004952
0.009020
0.022285
0.016293
-0.007700
0.008770
-0.001839
-0.009981
0.023051
-0.010506
-0.015386
0.018097
-0.034250
-0.018922
0.001705
-0.003354
-0.004290
-0.003550
0.001088
-0.019954
-0.001345
0.000838
-0.003903
-0.006103
-0.006128
0.001612
0.010547
-0.004253
-0.002062
0.000492
-0.024509
-0.007262
-0.016375
0.019719
0.006431
-0.003669
0.006295
0.006175
-0.016583
-0.003804
-0.014217
0.004312
0.011000
-0.000516
0.008034
0.009312
-0.003456
-0.003845
-0.007584
0.006667
0.013717
0.018817
-0.006021
-0.007793
0.010696
0.004815
0.008662
0.003155
-0.002118
0.009227
0.001843
0.000459
0.003255
-0.017125
-0.005361
-0.010591
0.006843
-0.001746
-0.001155
-0.008660
0.002566
0.009479
-0.005600
-0.003749
-0.008300
0.010546
0.012042
-0.009157
-0.008413
0.004340
0.007643
0.000826
0.004936
0.000870
0.004836
0.003752
0.013080
0.001833
0.002540
-0.005345
0.003406
0.012584
-0.008056
0.011690
-0.008383
-0.002622
0.002328
-0.011956
-0.009918
-0.001550
-0.008145
0.007851
0.019177
-0.019344
-0.003846
-0.003182
-0.003844
-0.007348
-0.007535
-0.017071
0.004216
-0.007711
-0.016508
-0.003166
0.001571
0.003277
-0.013716
0.001881
-0.000389
0.010646
0.005464
-0.011328
-0.011102
-0.003624
-0.000989
0.026153
0.004615
0.011321
0.014300
-0.004855
-0.013667
0.005165
0.022139
-0.005527
0.003730
0.006403
0.001905
-0.007717
-0.004851
-0.001072
-0.000553
0.002419
0.001079
0.003296
-0.010975
-0.001870
0.002821
0.000253
0.002148
0.004358
-0.013099
0.007090
0.003230
0.006972
0.003025
-0.007959
0.005369
0.007139
-0.007737
-0.008524
-0.006277
0.004302
0.012487
0.004850
-0.001267
0.010849
-0.012971
0.003364
0.001306
0.002929
0.006194
-0.007044
0.001647
-0.002407
-0.008220
0.000279
0.003239
0.003758
0.005170
0.035791
-0.042089
0.006418
0.000098
-0.014031
0.009028
-0.008752
0.013725
0.003386
0.007652
0.003156
0.003291
0.001898
-0.009467
0.015535
-0.013746
-0.015400
-0.025303
0.000642
-0.012704
-0.011898
0.002270
0.013147
0.002970
0.011739
-0.004246
-0.002530
0.008015
-0.010222
-0.003789
0.006946
-0.024100
-0.009066
-0.000455
-0.007650
0.008460
0.013893
0.002850
0.001244
-0.000072
0.004138
0.011232
-0.003494
0.007578
0.003387
-0.001845
0.003559
-0.001236
0.003613
-0.013306
0.006652
-0.002170
-0.007328
0.004928
0.004114
-0.001062
-0.007315
-0.007278
0.002127
0.015506
0.002086
-0.014141
-0.011568
-0.004458
0.004093
0.005588
0.007338
0.004886
0.014603
0.007960
0.019713
-0.007665
0.002402
0.002936
-0.002762
0.004856
0.003848
0.010820
-0.005958
0.003495
-0.006072
-0.009949
-0.009404
-0.000828
0.000414
-0.007675
0.003746
-0.004174
-0.004726
0.002404
0.007537
-0.014442
0.010036
-0.012155
-0.004081
-0.009883
0.015270
0.006545
-0.021388
0.020673
-0.001208
-0.001410
-0.005103
0.009488
0.005016
-0.006496
-0.001096
-0.001265
-0.005533
0.001798
0.005605
0.002986
0.015731
0.001949
0.000875
-0.006319
0.000660
-0.003258
0.006559
0.005884
0.000641
-0.005827
-0.011280
-0.003050
-0.001304
-0.000868
0.010684
-0.006351
0.001658
0.007661
-0.008334
-0.007750
0.009897
-0.022518
-0.003215
-0.003379
-0.000631
0.001341
-0.000853
-0.006781
-0.006678
0.000765
0.006194
0.002048
-0.000399
0.004828
0.004224
-0.035117
-0.006274
-0.005986
0.009801
-0.006181
0.009223
0.014630
0.003810
0.001942
0.000652
0.003693
0.011650
-0.008063
0.010701
0.002636
-0.005856
-0.006239
0.011026
-0.006611
0.013000
0.000871
-0.005620
0.000668
0.006356
0.010943
0.019067
-0.013915
0.003900
-0.001303
0.002705
-0.007477
0.009918
-0.010745
0.010213
-0.005898
-0.006777
0.002100
0.002779
0.007362
-0.014580
-0.002618
0.009660
0.005575
0.002591
-0.013821
-0.002699
-0.014539
0.006016
0.000387
-0.004016
-0.001912
-0.008243
-0.019628
-0.003987
0.009966
-0.005126
-0.003340
-0.001357
-0.014579
0.006276
0.003255
0.007152
-0.025737
-0.013304
0.006132
0.018839
0.010156
-0.007940
-0.023609
-0.010455
0.015715
-0.011183
-0.007300
-0.013884
0.002090
0.004753
0.006343
-0.002885
0.003628
-0.000097
0.011938
0.006997
0.002042
-0.001426
-0.006574
-0.003672
-0.006653
0.000243
0.014010
0.003615
0.005924
0.009231
-0.004038
0.028454
-0.020659
0.015585
0.019102
-0.005057
-0.008224
0.010096
-0.015469
0.000990
0.003692
-0.016319
-0.000600
0.001208
0.002071
0.000915
0.009304
-0.007557
0.000838
0.006195
-0.006809
-0.017455
0.018920
0.019787
-0.003599
-0.009858
0.019349
-0.007281
0.014099
0.009085
0.006001
0.010650
-0.002883
-0.009189
-0.008664
-0.002210
0.006649
-0.019992
0.000811
0.009607
0.004503
0.014159
0.004112
0.014492
0.003383
-0.002912
0.001515
-0.006505
-0.000077
0.005982
0.024936
-0.003689
-0.006219
-0.001546
0.004150
0.005550
0.001474
0.009397
0.012851
0.016382
0.003223
0.004481
-0.001641
0.004282
-0.010980
-0.009780
-0.008787
-0.012460
0.000389
0.013430
-0.002442
-0.005217
0.005688
-0.001700
0.005803
-0.013217
0.012468
0.015604
0.001200
-0.009507
-0.007239
0.010370
0.016020
0.001781
-0.008655
0.014698
0.008205
0.000008
-0.018964
-0.004077
-0.005180
-0.011456
-0.019418
0.015082
-0.003734
-0.013668
0.005718
-0.007474
-0.010153
0.010465
-0.004263
-0.005871
0.013240
0.017599
0.006597
-0.003991
0.012660
-0.004054
-0.000828
0.000303
-0.003129
0.003572
-0.009041
0.001306
0.013924
0.000530
-0.023143
0.012468
-0.008355
-0.003928
-0.012042
0.002821
-0.011659
0.000976
0.007280
-0.022142
-0.008875
0.015214
-0.006601
0.000875
0.002912
-0.004831
-0.007447
0.000329
-0.002687
-0.003530
-0.013405
-0.003741
-0.008665
0.004129
-0.004710
0.006659
-0.010487
0.000772
0.001944
-0.003476
-0.001480
-0.006496
0.001341
0.010485
0.006836
0.005770
-0.015362
-0.030521
-0.034021
-0.000867
-0.008726
-0.001298
-0.016551
0.001631
0.002786
-0.015903
0.003653
0.000252
-0.003897
0.004691
-0.000236
0.006517
-0.009930
-0.014918
-0.008444
0.006860
-0.002914
-0.006010
0.003285
-0.009774
0.010843
-0.008404
-0.002556
-0.006554
0.006085
-0.008631
0.001494
-0.018150
0.003249
-0.007480
0.000846
0.012946
0.008032
-0.011412
0.006932
0.009217
-0.011280
-0.008261
0.012835
-0.011441
0.013167
0.009037
-0.001598
0.005877
-0.005699
-0.008226
0.009513
-0.007591
0.008456
0.006365
0.016158
-0.005056
0.005432
0.018061
0.003328
-0.002444
-0.005196
-0.025535
0.004130
0.000535
-0.010378
0.005013
-0.007977
0.001600
-0.000841
0.000834
-0.017198
0.001486
-0.004306
-0.009565
-0.004873
0.005713
-0.014994
-0.002889
-0.006242
0.017348
0.003073
0.003683
0.018126
0.000923
-0.025695
0.018335
0.028448
-0.004992
0.004714
0.013801
-0.026503
0.018463
-0.019512
-0.007129
0.002496
0.004416
0.011379
0.004592
0.013087
-0.005610
0.001709
-0.002579
-0.012518
-0.001351
-0.023524
-0.006074
0.001819
-0.000327
0.011838
0.005041
-0.004111
0.009633
-0.011549
-0.000712
0.001368
0.011899
0.004244
0.009059
-0.000900
0.011452
-0.002758
-0.003834
-0.001121
-0.018430
-0.012019
0.005074
-0.008756
-0.004351
-0.000643
0.001982
-0.019629
-0.005504
0.005687
-0.012310
-0.006246
-0.008669
-0.007431
-0.019827
0.000001
0.005196
0.000180
-0.014128
0.018407
-0.000568
-0.007882
-0.005806
-0.004294
-0.001514
-0.001781
-0.016720
-0.003905
0.006311
-0.007643
-0.002889
0.006425
0.004892
-0.002309
-0.025952
0.021398
0.005116
-0.002938
0.000415
-0.016375
-0.005286
0.026304
-0.006847
0.008697
-0.000530
0.014057
0.006274
0.001963
-0.005109
0.002611
-0.005072
-0.013083
0.017866
0.012528
-0.010592
-0.007808
-0.002074
0.016000
-0.005413
0.000960
0.007528
-0.003223
0.005905
-0.002516
-0.001486
0.001155
-0.003215
-0.001653
0.001790
-0.010637
-0.000622
0.002910
-0.006003
-0.012780
-0.002892
-0.013023
-0.000498
0.004840
-0.008289
-0.002839
-0.016209
-0.008217
0.009174
-0.004213
0.006624
-0.008374
0.013526
0.004658
-0.001893
0.019626
-0.008451
-0.001455
-0.008583
0.001997
0.001366
0.008439
0.004952
-0.004821
-0.004030
0.003208
-0.005120
-0.018319
0.018981
0.001063
-0.014094
-0.007109
0.007146
-0.007771
-0.003165
0.003607
0.004205
-0.003114
-0.004236
-0.004565
0.004322
-0.002142
-0.005765
0.004515
-0.000383
-0.005810
0.007754
0.005215
-0.002423
-0.008627
-0.013839
0.008047
-0.008610
0.004221
0.000724
-0.001546
0.002260
0.011498
-0.010707
-0.018592
-0.001159
-0.001746
-0.016803
0.010193
-0.002810
0.012760
-0.001459
0.004517
-0.017280
0.010104
-0.000668
0.006199
-0.013306
0.003319
-0.000470
-0.005810
-0.010554
-0.017471
0.004244
-0.002142
0.003018
0.008722
0.003428
0.004012
-0.000911
0.001407
-0.014341
0.008020
0.012106
-0.010546
0.018733
-0.021907
0.000157
0.023657
0.003255
-0.007199
0.021580
-0.006744
0.012582
0.013201
0.005919
-0.019922
-0.017484
0.001774
0.023612
0.001891
0.008842
0.003164
0.005516
-0.001442
-0.005843
0.001020
-0.002069
0.003669
0.001473
0.007367
0.003544
0.005225
-0.003764
-0.018828
-0.000741
0.010244
-0.004211
0.003874
0.014900
-0.001472
0.024106
-0.018006
-0.013578
-0.009499
-0.025722
0.001362
0.006816
-0.016923
0.009817
-0.014678
0.037479
0.017715
-0.000006
0.004430
0.014578
0.013153
-0.001525
-0.005597
0.005736
0.015026
0.000743
0.004665
0.004205
-0.002245
0.003926
0.012195
-0.000012
0.002452
0.004208
0.010146
-0.006290
0.004958
0.000146
-0.002047
-0.013775
0.001647
0.005041
0.008575
-0.015854
-0.002586
-0.000970
-0.006214
0.013590
-0.005043
-0.007359
-0.005270
0.001782
0.020389
0.005291
0.001337
0.000381
0.008523
-0.014744
0.001873
0.007444
0.005503
-0.007248
0.007809
0.000430
-0.006043
-0.001922
0.001546
-0.004520
-0.005041
-0.014166
-0.002881
-0.004257
0.008023
-0.004726
-0.004828
-0.002006
0.002448
-0.008418
-0.007462
-0.001093
0.001889
-0.004305
-0.006336
0.006283
0.000999
-0.003141
0.002913
0.003623
0.020184
-0.002967
0.005280
0.003629
-0.013475
0.012015
0.004457
-0.003043
0.001061
0.014635
0.000644
-0.008415
0.007169
-0.000728
0.002014
0.010392
0.002059
-0.002295
0.000653
-0.002897
0.008000
0.023074
-0.005335
-0.013335
-0.018125
-0.012340
-0.011439
-0.006690
0.006346
-0.005387
-0.003648
0.011719
0.013109
-0.004616
-0.003583
0.012116
0.006138
0.003692
-0.001782
0.005659
0.011065
0.002235
-0.015659
0.023384
0.009805
0.000784
0.009046
0.006308
0.002330
-0.014384
0.006009
-0.001207
0.017744
-0.019906
0.006113
-0.005546
0.016579
0.002288
0.011063
-0.008476
0.003160
0.038929
0.011148
0.002366
-0.012683
-0.015228
-0.004469
-0.024618
0.009319
-0.008768
0.006898
0.009219
-0.009897
-0.009202
-0.010454
0.009122
0.004723
-0.012779
-0.001695
0.000862
-0.005761
-0.000931
0.004562
0.011248
0.003023
0.000677
-0.019325
0.000776
0.007575
-0.000301
-0.000548
0.020904
0.004987
0.008243
0.019464
0.004004
-0.003669
0.008941
0.004478
-0.002647
-0.006853
-0.002146
0.003512
0.008170
0.010597
-0.009116
-0.014756
0.000836
0.001829
-0.003741
0.002562
-0.000087
0.004436
-0.005814
-0.000925
0.007528
0.006181
0.020568
0.011092
0.005212
0.001752
0.008029
0.018312
0.010742
0.007342
-0.008748
0.012000
0.016005
-0.009860
-0.006788
0.011129
-0.001151
0.000228
0.002708
-0.022345
-0.008582
-0.007973
0.008416
-0.004623
-0.003140
0.001978
-0.009968
0.022859
-0.012319
-0.002009
0.009592
-0.005074
-0.004890
-0.009718
-0.008159
-0.007767
0.004878
0.009491
0.000288
-0.002919
0.005717
0.001236
-0.008435
-0.003695
0.015031
-0.003263
-0.018494
0.006622
-0.000295
-0.001105
0.007976
-0.005982
0.004337
0.006365
-0.006024
0.010333
0.001986
-0.009236
0.002769
-0.007009
0.001177
0.007775
-0.002846
-0.000434
0.016265
-0.018752
0.024526
-0.017706
-0.005046
-0.008962
0.009073
-0.020555
-0.010632
0.003381
-0.010916
-0.009219
-0.000990
-0.003137
0.008162
0.000389
0.001129
-0.011646
-0.002082
-0.009948
-0.003083
-0.010300
0.003290
-0.000803
0.012086
0.013443
0.017364
0.000327
-0.001835
-0.010001
0.002272
-0.007584
0.007950
-0.008747
-0.005558
0.001417
-0.005310
0.002123
-0.003466
0.005682
0.016223
-0.002057
-0.012356
-0.000594
-0.009983
-0.008504
-0.015721
0.021422
0.010999
0.005359
0.004396
-0.010850
-0.002330
0.001284
0.005997
-0.011588
-0.003587
0.023776
0.007761
0.012169
0.002545
-0.009929
0.005264
-0.011799
0.001525
-0.011602
-0.003673
0.004488
-0.011906
0.004951
-0.003450
0.005623
0.008808
-0.003495
-0.019719
-0.025835
-0.015291
-0.011986
-0.001902
-0.004658
0.006510
0.010114
0.004495
-0.003751
-0.000569
-0.015583
-0.002645
0.010514
0.010424
0.011626
0.011608
-0.010239
0.008327
0.007842
-0.001651
-0.015367
-0.012593
0.000300
0.007251
-0.011682
0.003138
-0.004348
0.013972
-0.004363
0.000710
0.006911
-0.006040
-0.004037
0.002063
-0.006904
0.009583
0.004395
0.028663
-0.009159
0.001965
-0.005040
-0.000637
-0.000554
-0.001141
-0.003251
-0.000739
-0.008151
0.005353
-0.010833
0.000459
-0.016945
-0.008182
0.002508
0.001407
0.018781
0.004395
0.007088
0.005519
0.011665
-0.013149
-0.004843
0.007878
-0.002287
-0.004811
0.001599
-0.013034
0.007216
-0.018312
-0.013510
0.004965
-0.011299
0.013741
-0.002497
-0.000106
0.005552
-0.008713
-0.001028
-0.012789
0.021655
-0.024124
-0.011752
-0.012023
-0.003796
0.017138
0.001588
-0.002758
-0.004656
0.003917
0.013963
0.019651
-0.009186
0.012411
0.005531
-0.000478
0.004757
-0.013118
0.007822
-0.002535
-0.009623
-0.006113
0.006067
0.002816
0.010125
0.017645
0.005271
0.002769
0.004260
-0.015428
-0.007895
0.009922
-0.005361
-0.008402
0.010160
-0.003150
0.000991
0.002947
0.000770
-0.006899
-0.037687
0.018922
0.003266
-0.001732
-0.009844
0.000163
-0.006769
-0.003303
-0.005569
-0.012002
-0.015258
0.020661
0.009389
-0.000188
0.004246
0.001949
0.001805
-0.004386
0.000501
0.005030
-0.002129
0.006298
-0.003447
-0.001037
0.014902
0.003002
0.002258
-0.007379
0.004584
0.005405
-0.006758
-0.009095
0.002198
0.003817
-0.000047
0.008126
-0.008639
-0.011935
0.008423
0.008352
0.013004
0.003697
-0.007011
-0.013165
0.006456
0.012383
-0.007638
-0.021925
-0.012538
-0.001395
-0.007052
0.003845
-0.000548
0.001747
0.004164
-0.013323
0.014231
-0.004072
0.012986
0.010006
-0.003388
0.000974
-0.004963
-0.011080
0.005226
0.002794
0.001202
-0.008522
0.001996
-0.005058
0.011007
-0.007414
0.005147
0.011495
-0.018827
0.004035
-0.007344
-0.002568
-0.001559
-0.004819
-0.003338
0.014105
-0.019814
0.008342
-0.012551
0.004120
0.009949
-0.002061
0.003134
-0.005630
0.001747
0.008848
-0.016665
-0.008520
-0.011655
-0.002435
-0.004807
0.004223
-0.000581
0.007185
-0.015979
-0.000215
0.007661
0.003859
0.006181
-0.001419
0.011183
0.003214
0.005885
0.015843
0.007071
-0.011182
0.005186
-0.004644
0.003016
0.006793
-0.000982
0.007214
0.000093
0.007899
0.000426
-0.019055
0.011259
0.007633
-0.028563
-0.004240
-0.003085
-0.000280
0.001147
0.000197
-0.003096
-0.002188
0.000759
0.004682
0.007600
0.002769
-0.006034
0.004868
-0.010446
-0.004700
0.005610
-0.008829
0.006518
0.004176
-0.005614
-0.000397
0.005843
-0.004962
-0.001734
0.003371
0.013860
0.009438
-0.008143
0.013426
-0.012450
-0.013963
-0.005611
-0.005153
0.012177
0.004919
0.013840
0.013447
-0.005219
0.010403
0.009532
-0.003445
0.003228
-0.008335
-0.013457
0.009763
-0.019560
-0.007482
-0.006150
-0.011533
0.003025
-0.024414
-0.005958
-0.003458
0.006802
0.001586
-0.011197
-0.004328
0.004669
0.007594
-0.009616
0.011038
0.001609
-0.010330
-0.003946
0.019961
-0.001976
-0.011636
-0.016012
-0.012627
-0.005441
-0.004387
-0.006358
-0.008466
0.007112
-0.014978
-0.004871
0.004726
0.003601
-0.001308
-0.008514
0.010396
-0.005842
0.009921
-0.007190
0.023616
-0.002879
0.000403
0.011900
0.001387
-0.005096
0.005531
-0.003220
0.001355
0.005364
0.013030
0.004331
-0.006982
0.004719
-0.005338
0.003231
0.002854
0.002344
-0.003710
-0.000094
0.008441
-0.012900
-0.009613
-0.003121
-0.002216
0.010663
0.002121
-0.011079
-0.000544
0.011328
0.013364
-0.019487
-0.011046
0.008009
-0.003065
-0.004633
0.005711
-0.009712
0.009786
-0.003104
-0.011305
-0.011457
0.021516
0.004356
-0.010215
-0.003304
-0.005715
0.008528
0.004091
0.005931
-0.019437
0.027862
-0.003548
-0.010384
-0.009515
0.023263
0.008445
0.007145
-0.020023
-0.001465
0.013848
-0.018657
0.033253
-0.000939
-0.005488
-0.001246
0.005157
0.015110
-0.001490
-0.008037
-0.003307
0.005198
-0.004237
0.004636
0.004871
0.000741
-0.002415
-0.001268
-0.020051
-0.018428
-0.006449
-0.009528
-0.006915
0.002985
-0.006265
-0.004198
-0.004405
-0.019038
0.008213
-0.021282
-0.010454
-0.002310
0.004751
-0.012602
0.013109
0.002686
0.003837
-0.005337
-0.006435
0.001482
0.015009
0.005962
0.001724
0.007740
0.000226
-0.011426
0.003767
-0.010045
-0.000336
-0.004629
-0.000619
-0.009397
0.009520
-0.013532
-0.001868
0.007683
-0.003154
-0.002750
0.001966
0.002176
0.004122
0.018970
0.000956
-0.001345
0.003388
0.005080
0.020226
-0.009936
0.002228
-0.013604
0.002612
0.008756
0.003065
-0.011837
-0.003338
0.007062
0.004331
0.001953
0.000253
-0.009885
-0.000830
-0.005693
-0.001194
-0.005632
0.011965
0.001982
0.003034
-0.002979
-0.004094
0.002858
-0.004205
-0.010916
0.006281
-0.012200
0.005529
-0.004356
0.010316
0.023428
-0.001798
-0.006922
-0.017930
0.005736
-0.001966
0.010079
-0.000018
0.000886
0.004818
0.007282
-0.010277
0.004300
-0.006467
0.011998
0.002487
-0.016253
0.002806
0.003582
-0.009113
-0.009841
0.006258
-0.001403
-0.003324
0.001242
0.025112
-0.036540
-0.019998
0.008061
0.001093
0.002138
-0.001066
-0.006841
-0.020361
0.007388
0.006461
0.007861
0.003275
-0.006376
-0.010152
0.006676
0.000569
0.008538
-0.007962
-0.004259
0.005063
0.003563
-0.003356
0.011824
0.002111
-0.027482
-0.011099
0.019361
-0.008504
0.003369
-0.004874
0.011276
0.004454
-0.008642
0.001057
-0.002529
0.020261
-0.007764
0.009972
-0.016566
-0.015193
-0.000341
0.032276
-0.004180
0.014032
-0.006016
-0.010628
0.005900
0.013111
0.007473
0.005538
-0.006754
0.002017
-0.010233
-0.026471
0.014702
-0.002094
0.008083
-0.014622
0.006910
-0.027194
-0.004371
-0.007472
-0.012098
0.012595
0.003996
-0.002452
0.005156
0.005134
0.000960
0.000708
0.007648
0.000478
-0.008219
-0.017665
0.008309
-0.002480
0.002533
0.015784
0.006729
-0.009863
0.009471
-0.003519
0.004662
-0.008045
-0.006599
0.017350
0.000853
-0.001331
0.013415
-0.001686
-0.008691
-0.005750
0.013490
-0.002069
-0.007074
-0.001770
-0.007443
0.010293
0.003925
-0.013446
0.003843
0.010355
0.002177
0.001823
-0.000232
-0.006011
-0.000858
-0.001667
0.005327
-0.003245
-0.000032
-0.001072
-0.001196
-0.004288
0.008695
-0.008891
-0.001020
-0.000029
0.000474
-0.006006
-0.003758
-0.000457
0.005851
-0.007820
0.002688
0.001403
-0.010749
-0.007508
-0.012757
-0.008824
0.008040
0.009144
0.002979
0.001357
-0.024021
0.016935
0.003567
-0.013540
0.009424
0.012346
-0.002076
-0.008342
-0.000461
0.000691
0.001426
-0.001164
0.013444
-0.009245
0.007925
-0.011397
-0.007381
-0.000641
0.001697
0.000581
-0.000846
-0.008635
0.011176
-0.018974
-0.002194
0.005112
-0.012494
-0.002621
0.030078
0.007628
-0.008582
0.017055
0.002219
0.004155
-0.005349
0.010006
0.003895
0.002418
0.010935
0.011978
0.010800
0.000814
0.014628
0.022247
0.000863
-0.002260
-0.018904
0.005622
0.024438
-0.024423
0.015417
-0.038449
-0.005490
-0.009768
0.006193
0.003212
0.013510
-0.050292
-0.004190
-0.012959
0.010517
0.006251
0.000178
-0.003687
0.007292
0.003278
-0.002090
-0.001540
0.001842
-0.000118
-0.001938
-0.014720
-0.012082
-0.002022
0.000484
0.006883
0.029426
0.015487
-0.005680
0.006607
-0.003841
0.009946
0.014562
0.006428
-0.002109
0.010265
-0.011749
0.014769
0.017834
-0.002191
0.004652
-0.015963
0.011950
0.003399
0.006663
-0.013006
0.007158
-0.011013
0.019140
-0.007639
0.005155
-0.011702
0.009015
-0.008606
-0.000660
0.012944
0.000269
0.007919
0.003121
0.008650
0.014724
-0.010690
0.000677
0.000975
0.011753
0.000408
-0.016478
0.005955
0.004882
0.015705
0.007390
-0.003340
-0.002203
-0.006274
-0.001329
-0.004162
-0.006144
-0.008274
-0.005493
0.005511
0.003584
-0.008807
0.010157
0.003661
-0.005034
-0.008174
-0.001262
0.010614
-0.000505
0.009242
-0.003547
0.005556
0.002008
0.005977
0.003311
0.012225
0.003787
0.005807
-0.013958
-0.010284
0.019916
-0.001540
0.004952
0.001441
0.001124
-0.004991
-0.001360
0.012225
0.001537
0.001884
0.007857
0.014532
-0.008884
-0.008592
-0.002506
-0.015206
0.012607
0.010241
-0.004253
0.013626
-0.003172
-0.026833
-0.008507
-0.000980
0.018132
0.013402
0.007319
0.002988
-0.007582
0.004770
0.001504
0.015181
-0.001488
-0.000856
-0.011726
0.007308
0.006305
-0.004253
-0.023549
0.008356
0.018894
-0.008805
-0.004699
-0.004087
-0.001647
0.010717
-0.009688
0.003454
0.000095
-0.015566
0.005540
0.000689
-0.008921
0.010593
0.004210
0.009012
-0.002339
-0.003715
-0.002654
-0.010505
0.001052
-0.018321
-0.005278
0.011119
-0.003521
0.016356
-0.001012
0.021360
-0.006784
0.003134
0.000386
0.001033
0.013982
-0.021712
0.008892
0.004897
0.000633
-0.003025
0.015220
-0.008842
-0.000451
0.002897
0.010416
-0.006276
-0.005338
0.005266
-0.001058
-0.006085
-0.009234
0.015704
0.004698
0.000522
-0.006591
-0.020912
0.000943
0.010856
-0.005920
-0.002550
0.014067
-0.012981
-0.001484
-0.009103
-0.001387
0.009376
-0.004479
-0.011666
0.001060
0.012458
-0.000552
-0.009567
0.001846
-0.009812
-0.003822
0.001019
-0.004536
-0.000261
-0.010265
-0.002301
-0.001657
0.002365
-0.008260
0.003063
0.020402
-0.022304
-0.005856
0.002510
0.007041
0.002738
0.013185
0.000639
0.004417
-0.007818
-0.003213
-0.004520
0.005192
0.003258
0.017570
0.009741
0.003768
0.007075
-0.016341
-0.003932
-0.002677
-0.010216
0.009331
-0.012402
-0.010521
-0.016162
0.009194
0.000675
-0.014840
0.007077
0.000236
0.006112
-0.001424
-0.010202
0.018340
0.017441
0.000561
-0.020460
0.002686
-0.013023
0.007254
0.016930
-0.013020
0.006342
-0.014422
0.006872
-0.002481
-0.007854
-0.001716
-0.009482
0.001767
0.007408
-0.014664
-0.005641
0.016751
0.001531
-0.002754
0.000008
-0.008633
0.001146
0.003694
-0.003857
0.014719
0.006076
-0.009546
-0.000578
0.003983
0.002586
0.004369
0.004293
-0.009274
0.016814
-0.016602
0.001186
-0.003057
-0.000679
0.012433
-0.005143
-0.001694
-0.007727
-0.002994
-0.004333
-0.003412
-0.003505
-0.002334
-0.008589
0.004919
-0.004553
0.001275
-0.011193
0.001750
-0.008558
-0.007545
-0.008133
0.002264
-0.001625
-0.009232
-0.009961
-0.005543
-0.000804
-0.003587
-0.005967
-0.004952
0.011787
0.002468
0.005962
0.002707
-0.009270
-0.010707
-0.008173
-0.001321
-0.003334
0.007206
-0.010846
0.007930
0.009369
0.002750
-0.009761
0.000180
0.007292
0.006817
0.001847
0.000388
0.016175
-0.005478
-0.002223
-0.014339
0.002040
-0.017002
-0.005482
-0.005230
0.006324
-0.002113
-0.007903
-0.010500
0.009334
0.010068
-0.002731
-0.006717
0.006610
-0.002773
-0.010098
0.010388
0.002133
-0.009173
-0.000746
0.010161
-0.007741
-0.003090
0.001062
0.001258
0.000097
0.009706
-0.003466
-0.009448
-0.015442
0.013068
-0.010906
0.003792
-0.000056
-0.011231
-0.006978
0.000581
0.012889
-0.000126
0.008073
-0.014380
-0.006889
0.011794
-0.013881
-0.000218
0.006961
0.001643
0.017071
0.001687
-0.018212
-0.004224
-0.004186
0.021141
0.004722
0.001622
-0.000534
-0.007345
-0.008789
-0.002688
-0.012010
-0.001943
0.016187
-0.010918
-0.003883
0.014736
-0.027866
0.005287
0.002125
-0.000888
-0.000112
0.005030
-0.006010
-0.001656
0.003739
0.014560
0.018055
-0.004577
0.008694
0.000146
0.004407
-0.004781
0.003322
0.003371
0.017351
0.004705
0.000440
-0.017483
0.009459
-0.021896
0.016081
-0.007672
-0.019179
-0.001088
-0.005856
0.014053
-0.008192
-0.004486
-0.007961
0.015396
0.002669
0.003646
0.012848
0.002153
-0.004378
0.003214
-0.002403
-0.006705
0.020623
-0.039856
0.004822
0.008118
-0.002640
-0.005084
-0.001093
-0.021161
0.006719
0.007181
0.011404
0.003685
0.013853
-0.006331
0.021310
0.023909
0.028641
0.009147
-0.002275
0.010111
0.006526
-0.008333
-0.012295
-0.023017
-0.013386
0.021418
0.002781
0.012544
0.016888
-0.003938
-0.003053
-0.001751
0.008219
0.012376
0.010337
-0.005674
0.013826
-0.007549
-0.008615
0.011747
0.009386
0.002861
-0.005263
0.011597
-0.007576
-0.020139
-0.004412
-0.005103
-0.003894
-0.001162
-0.015102
-0.003090
-0.009272
0.010057
-0.011007
0.009158
-0.003452
-0.016284
-0.019982
-0.002717
0.013768
-0.005441
-0.002696
-0.005935
-0.004058
0.008995
-0.004634
-0.007532
0.000621
0.009536
0.001434
0.010901
0.010784
0.016915
0.004143
-0.007187
-0.003884
-0.011812
-0.003791
0.002701
0.000674
-0.012194
-0.004161
0.010620
0.008337
-0.002669
0.008518
0.002274
0.003026
-0.018614
0.010493
0.006990
-0.002540
0.009590
-0.019755
0.007221
-0.009266
0.002311
-0.010691
0.004106
0.010136
0.005960
0.006332
0.003634
-0.001095
-0.011441
-0.003812
-0.000260
-0.007121
0.007338
0.019586
0.007800
0.004046
0.007354
-0.000668
-0.001613
0.017336
0.003677
-0.009871
0.002028
-0.025290
0.017087
0.016415
-0.015011
0.003002
-0.011502
0.005118
-0.001894
-0.032822
0.009515
-0.041037
-0.003165
-0.003835
-0.014161
-0.005852
-0.032642
0.009008
-0.005843
0.004759
0.012458
0.009076
-0.007947
-0.007102
0.006047
0.013360
-0.011532
0.013442
0.016992
-0.005512
0.001748
0.007388
0.006976
-0.001696
-0.000627
0.001193
-0.004083
0.008646
0.001369
-0.003090
-0.011067
-0.003936
-0.000426
0.011502
0.012807
-0.011910
0.023421
-0.003869
-0.000757
-0.003631
-0.015006
0.006769
0.014947
0.003714
0.009313
-0.020331
0.000693
0.003109
0.009460
-0.014418
-0.003090
0.006548
0.013058
-0.010320
-0.001273
-0.004671
-0.000346
-0.007061
0.018262
-0.005007
0.010745
-0.000869
-0.010084
-0.009391
0.014067
0.002205
0.010994
-0.010558
-0.003116
0.003317
-0.000795
0.006126
0.008662
-0.001699
-0.009505
-0.021057
-0.007832
-0.000260
-0.003260
-0.013349
-0.000098
-0.007420
-0.014790
-0.003617
0.007704
-0.002558
-0.005382
0.003932
0.008885
-0.008368
0.001776
-0.001130
-0.010696
-0.007671
0.029068
0.000653
0.000355
-0.014226
0.002944
0.003458
-0.005920
0.006005
-0.008194
-0.012695
-0.001169
0.008436
0.000300
0.001233
-0.008382
0.001360
-0.011522
-0.006316
-0.000356
0.006027
0.005046
-0.001221
-0.012905
0.005587
0.010146
0.003712
-0.011054
0.016702
0.018443
-0.001758
-0.015999
0.000098
-0.009171
-0.000948
-0.002797
-0.006417
0.004773
0.004528
0.006219
0.026839
0.005060
-0.005809
0.000180
0.015711
0.002522
-0.006386
0.004212
-0.004497
0.000133
0.002924
0.002210
0.003221
-0.003243
-0.015702
0.010009
0.006711
-0.002209
-0.005914
-0.000480
-0.002179
0.007822
-0.013711
-0.010047
-0.011826
0.003191
-0.027878
-0.007338
-0.002992
0.005016
-0.011835
0.024982
-0.006214
0.008337
0.005113
0.005321
0.000733
-0.002154
-0.001360
-0.002937
-0.000178
-0.006900
-0.005656
0.013238
0.010734
0.010505
0.002707
-0.005339
0.005486
-0.002837
0.001545
-0.003347
-0.004130
0.003219
0.000488
-0.000553
-0.004857
0.004993
0.002305
0.006167
0.005776
0.007121
0.000557
-0.009540
0.003864
0.019780
0.019302
0.002162
-0.015307
0.006370
0.000853
0.006436
-0.016996
0.008912
-0.007425
-0.005952
0.004824
-0.015978
0.007472
0.015157
0.006925
0.003040
0.001105
-0.004976
0.002632
0.004116
0.003010
-0.007501
-0.001325
-0.001825
0.005095
-0.000910
-0.004682
0.001997
0.001838
-0.004672
-0.002626
-0.000476
-0.002398
-0.011230
-0.001239
-0.006082
-0.016897
0.007451
-0.001249
0.002724
0.012948
0.017562
0.001604
0.003317
0.006924
-0.011183
0.008729
-0.007169
-0.013794
0.003337
0.012703
-0.013366
0.017629
0.013090
0.024133
0.009840
-0.011000
0.011645
0.033995
-0.033176
0.022185
-0.014936
0.002595
-0.006518
0.000549
0.003722
-0.004946
0.016240
-0.011799
-0.004301
-0.021112
0.000267
-0.034911
0.004255
0.001242
-0.009784
0.001657
-0.007557
0.002180
0.004532
-0.004260
0.004789
-0.009227
0.011609
-0.018921
-0.001168
0.003625
0.011206
-0.000555
-0.004650
-0.007691
-0.010670
0.000873
-0.005258
-0.018625
0.002940
0.008714
-0.001825
-0.002697
0.002065
-0.008343
-0.003547
-0.008580
-0.015572
-0.023255
-0.014457
0.015897
-0.010013
0.009853
-0.010442
-0.006639
-0.000960
-0.003374
-0.011008
-0.008164
0.005245
-0.006074
0.006601
0.011975
-0.006261
0.004003
0.002675
0.009643
-0.007763
0.007733
-0.002319
0.009312
-0.016666
0.001732
0.009390
-0.005726
0.012289
-0.002572
0.003983
-0.010479
-0.005095
-0.023137
0.018517
-0.002545
0.012285
-0.001877
0.006354
-0.007862
0.001593
0.002531
0.006780
-0.009340
0.008698
0.003847
0.004148
0.000498
-0.005940
0.015114
-0.000136
-0.007621
-0.001912
-0.013547
0.002038
0.014409
0.001408
0.000993
-0.003515
0.009908
-0.001448
-0.008786
0.003746
-0.001308
0.006199
-0.009641
0.002955
0.006308
0.006345
-0.007013
-0.004233
-0.009328
-0.016822
0.010284
-0.011286
0.006293
-0.002655
0.001090
0.000305
-0.006742
0.011959
0.014324
0.006719
0.011451
-0.007356
-0.005596
-0.010407
-0.006181
-0.010663
-0.003545
-0.001339
-0.002530
0.005660
0.004273
-0.003399
0.022776
0.012017
0.007511
-0.007277
-0.008091
-0.001688
-0.009769
-0.002783
-0.017129
-0.023984
-0.002896
0.010495
0.015110
-0.010602
-0.000375
0.000395
0.004627
0.010576
0.002773
-0.010986
-0.007713
-0.007177
0.011874
-0.000923
-0.001490
0.008851
-0.021371
0.002692
0.003445
-0.003654
0.007311
0.006434
-0.020322
0.009545
-0.001384
-0.004475
0.003727
0.009420
0.024638
0.006363
0.007744
0.000071
-0.009313
-0.040292
-0.029646
0.017954
-0.015427
-0.005420
0.003712
-0.009110
-0.002572
0.015149
-0.011144
-0.019500
-0.000006
-0.003127
0.002280
-0.005878
-0.001709
0.009068
-0.013002
-0.003292
-0.005421
-0.000901
-0.010686
-0.009040
0.001325
-0.003121
0.000226
-0.005372
0.004433
-0.006990
-0.012960
-0.002769
-0.006484
0.012165
0.002785
-0.000377
0.006114
-0.010839
-0.003923
-0.011819
0.001378
0.002316
-0.000116
-0.000530
-0.004220
0.004126
-0.014641
-0.006317
0.015728
-0.011825
0.011501
-0.013035
0.003731
-0.007205
-0.004203
-0.001408
-0.001380
0.019773
0.033264
-0.026825
0.000395
0.001345
-0.004718
-0.014981
0.000909
-0.000699
0.005571
-0.005441
0.009240
0.013091
-0.006773
-0.007259
0.010916
0.003364
0.003747
-0.007947
-0.012309
-0.003408
-0.013848
-0.006398
-0.001668
-0.005407
0.013587
-0.006469
-0.002438
0.006060
-0.008607
0.002577
-0.004441
-0.008677
-0.000664
-0.017608
-0.007910
0.010467
-0.016025
-0.011098
-0.001628
-0.001264
0.000362
-0.001509
-0.005317
0.008078
0.000567
-0.005134
-0.006539
0.019967
0.002334
0.016563
0.004996
-0.025449
-0.023210
-0.008693
-0.008404
0.000836
0.012562
-0.002872
-0.004455
-0.010260
-0.012588
-0.003173
0.005126
0.012550
-0.006773
-0.005362
-0.016064
-0.000681
0.023802
0.003446
0.002454
-0.001787
-0.004726
0.007070
0.002358
-0.003082
0.027903
-0.010339
0.000569
0.013020
0.005132
-0.016722
-0.009463
-0.009810
0.010703
-0.002796
-0.004038
0.006399
-0.006411
-0.016652
-0.000215
-0.002594
-0.007030
-0.006158
0.008417
-0.005673
0.014720
0.001581
-0.006775
-0.012675
-0.010041
-0.007594
-0.001045
-0.010627
0.008366
0.000358
0.016890
0.003155
0.001369
-0.002514
-0.001170
0.002935
0.007307
0.009037
-0.017672
0.014812
0.012455
-0.002829
-0.018469
-0.002165
-0.009802
0.010105
0.009332
-0.010526
0.008283
-0.001871
-0.004156
-0.007109
-0.026136
-0.002910
-0.001705
-0.002956
-0.004202
0.008760
-0.013412
0.012291
-0.031133
0.032420
-0.010094
0.014126
-0.003487
0.015072
0.006260
0.013303
0.017507
0.000542
-0.003090
-0.015001
0.008015
-0.003433
0.009509
-0.005931
0.008070
0.002253
0.012200
0.012569
-0.005720
-0.015013
-0.008631
-0.009198
-0.003275
-0.008500
0.016371
-0.008986
-0.031223
-0.016954
0.003522
-0.000285
0.005024
0.016571
-0.009651
-0.006415
0.021527
0.006136
0.009027
0.015230
0.030132
0.024656
0.023350
-0.009746
-0.003573
-0.007605
-0.001809
-0.002547
0.006139
0.001078
-0.001728
0.001826
-0.002483
0.001456
0.009335
0.009782
-0.003582
0.004715
0.005781
-0.009404
0.007862
0.012770
-0.000646
-0.012520
-0.012006
0.014538
-0.004625
-0.013186
0.000898
0.002982
-0.017190
-0.019062
0.010090
0.002446
-0.021223
0.004141
-0.006687
-0.000586
-0.033233
-0.012948
0.005472
0.006321
0.001600
0.009876
-0.015795
-0.006732
-0.006934
0.002033
0.011108
0.000819
-0.005658
0.010596
0.004478
0.007596
0.000372
-0.000269
-0.001420
0.012062
-0.009116
0.007301
0.000342
0.004939
0.005020
0.011720
-0.002314
0.000176
-0.002729
-0.012036
-0.005478
0.010210
0.010291
-0.000568
-0.000629
-0.002707
0.002419
0.008592
-0.002641
-0.007188
-0.011847
-0.013687
0.010966
0.003220
0.000417
0.005244
0.006846
0.000586
0.014079
0.009552
0.016106
0.005033
0.020058
0.008553
0.003026
-0.002674
0.001793
-0.011251
0.001959
-0.017462
-0.006864
0.000835
-0.004251
0.008718
-0.004311
0.004842
-0.002692
0.011507
0.005395
-0.024713
-0.002638
0.028586
0.008702
0.012238
-0.006320
0.009462
-0.008305
-0.001656
-0.007642
-0.003857
0.014810
0.006200
-0.000784
-0.012766
0.006620
-0.003410
0.009372
-0.004947
-0.008907
-0.016170
0.001366
0.000681
-0.001269
-0.000259
0.009751
0.007613
-0.005057
-0.013059
-0.001655
-0.009167
0.004481
-0.003025
0.011233
0.022135
-0.008093
-0.022703
-0.020251
-0.020379
0.005413
-0.004892
-0.006822
0.007975
0.000284
-0.008831
0.001951
-0.004859
-0.017761
0.004122
-0.004697
0.003360
-0.007046
-0.006085
-0.005833
-0.007481
-0.006121
-0.019855
-0.008762
-0.002764
-0.011328
0.007350
0.011024
-0.019288
-0.005614
0.000463
0.007696
0.012422
-0.003232
-0.003126
-0.010420
0.008638
0.012039
-0.000564
0.006738
0.006751
0.020052
0.013227
0.008261
0.004120
0.011908
-0.014096
0.024650
-0.016381
0.003028
-0.004627
-0.004348
-0.001990
-0.007684
-0.002714
0.012583
0.007100
0.006117
0.018236
-0.000552
0.002112
-0.016874
-0.009913
0.004919
0.001540
0.022754
-0.001716
0.010126
0.011896
0.015487
0.011239
-0.003832
0.011862
0.008857
-0.004739
0.001831
-0.003416
0.000413
-0.001881
0.013263
0.002780
0.007340
-0.014721
0.016606
-0.012757
0.007975
-0.003087
-0.008428
0.006007
-0.000169
-0.002214
0.006721
-0.013164
0.004250
-0.007203
0.015417
-0.005132
0.008068
0.002868
0.009337
0.005260
0.010252
0.003704
-0.007732
0.010521
-0.003383
0.005243
-0.004674
0.003058
0.000397
-0.002363
0.002382
-0.021334
-0.011458
-0.003381
0.001126
0.005827
-0.006741
0.001974
0.014094
-0.010464
0.002160
-0.006767
0.004101
-0.013370
0.008439
-0.000370
-0.006456
0.003570
-0.005816
0.001683
-0.002691
0.007083
0.019680
-0.016290
0.008699
0.015099
-0.004524
-0.006787
-0.000164
-0.000704
0.022842
0.014214
-0.010282
0.015230
0.000644
0.002645
-0.011700
-0.003582
-0.006684
-0.005319
-0.011336
0.001756
-0.013823
0.017341
-0.016503
0.005440
0.022190
-0.008544
-0.004093
-0.011104
0.004784
-0.006912
-0.006378
0.012126
0.019299
-0.000125
-0.001709
-0.006688
-0.004531
0.009625
-0.009382
-0.006878
0.001756
-0.009605
-0.000919
-0.001639
0.010010
0.006293
-0.001153
0.004835
-0.002586
-0.002467
-0.009161
0.012811
0.021707
-0.012794
0.030629
-0.009660
0.005728
-0.004586
-0.012936
0.001913
-0.001823
-0.002156
-0.013771
-0.018271
-0.008855
0.002638
-0.002833
-0.005033
-0.003096
0.004834
-0.004226
-0.008546
-0.002920
0.003816
0.006163
0.007732
0.015574
-0.014448
0.000380
-0.014439
-0.016009
-0.033484
-0.019136
-0.014402
0.001397
-0.014295
-0.004352
-0.010767
-0.007219
0.016852
0.011413
-0.002318
-0.000699
0.011668
0.003497
0.001959
-0.012875
0.005136
-0.009324
-0.001209
-0.002101
-0.011731
-0.001242
-0.012938
0.007971
-0.003396
-0.001337
0.019289
0.003040
0.005157
-0.004534
0.001506
-0.003594
-0.000413
-0.008382
0.006572
0.011907
-0.006935
0.018134
0.017873
-0.010719
0.010278
0.002403
0.003346
0.003171
-0.003859
0.016213
0.008193
0.009250
0.005920
0.012695
-0.018448
-0.008150
-0.008916
0.002893
-0.013143
0.027485
0.003015
-0.011492
-0.000722
0.000645
-0.013548
0.006349
-0.017342
0.011297
-0.010204
0.028495
0.008354
-0.003592
-0.006810
-0.005651
-0.002972
0.004195
-0.010800
0.005223
0.002441
-0.002255
0.005181
-0.006026
0.011272
-0.009538
0.014272
0.004732
0.007079
0.007940
0.009231
-0.008729
0.000485
0.008456
-0.020491
0.004328
0.017640
0.008464
0.009237
-0.004359
-0.009678
-0.004673
0.004367
-0.000232
-0.000461
0.012743
-0.002472
-0.008345
0.003170
0.021725
0.000545
0.008708
-0.015876
0.007917
-0.014042
-0.009227
-0.005106
0.006239
-0.002111
0.002118
0.003793
-0.001411
-0.010453
-0.011416
0.007007
-0.001232
0.007343
0.010631
0.002501
-0.004341
0.010767
0.001852
0.010072
-0.001835
0.015091
0.007082
-0.015824
-0.001987
0.006317
0.008706
0.004509
0.005841
-0.003393
-0.008128
-0.009254
0.018261
-0.004009
-0.013448
-0.011934
-0.007792
-0.009846
-0.017398
0.003459
-0.005969
-0.006214
0.000174
0.005800
-0.017807
0.000997
0.003635
0.007444
-0.002851
0.007059
0.010655
0.004509
-0.001937
0.015908
-0.009306
0.015122
0.007973
0.011530
0.001027
0.004818
-0.005028
-0.004131
-0.003460
-0.007392
0.006322
0.011532
-0.001644
-0.005272
0.009298
0.019317
0.003261
-0.020005
-0.009880
0.001514
0.004341
0.001757
0.008453
0.002715
0.008193
-0.000812
-0.004997
0.004419
-0.000178
-0.005417
0.002472
-0.014008
0.001177
-0.018393
-0.009672
-0.005561
-0.002731
0.006258
0.000967
0.017243
0.010896
0.003819
-0.002128
0.003601
0.005312
0.011905
-0.002478
-0.001341
0.003436
0.005238
0.002307
0.000936
-0.001859
-0.007649
0.000072
0.002276
0.000079
0.000738
0.009920
0.008694
0.010059
0.005871
0.004219
-0.000888
0.026853
-0.002092
-0.017714
-0.003950
0.007477
-0.005106
0.003353
-0.009745
0.018926
0.011123
-0.000925
-0.008667
-0.002070
-0.029335
0.010498
0.001022
0.000035
0.005881
-0.013716
-0.009740
0.008768
0.007773
0.002969
-0.000453
0.002216
-0.021685
0.008658
0.002860
-0.001798
-0.002392
0.018545
-0.045753
-0.012577
-0.013291
0.007003
0.017575
-0.015064
-0.011922
0.014411
-0.001148
-0.005478
-0.020020
0.012730
0.019029
0.011803
-0.004128
-0.004474
0.012068
-0.000383
0.007088
-0.000025
0.007228
0.001413
0.020834
-0.008656
0.005131
0.001562
-0.023263
0.011066
-0.000374
-0.016609
0.001778
0.004546
-0.002274
-0.002726
-0.020226
-0.001136
-0.003843
0.000159
0.008223
-0.017750
-0.001904
0.003135
0.004989
-0.000918
0.003203
0.005440
-0.004610
-0.003019
-0.000874
0.005833
0.008164
-0.019004
-0.004800
-0.016692
0.006090
-0.020801
-0.012166
0.010186
-0.001642
-0.012834
-0.001760
0.013737
-0.006167
-0.015990
0.003031
-0.002457
-0.002442
0.005610
0.001846
0.006925
0.006194
0.008427
0.007989
-0.003466
0.009809
0.003252
-0.005918
0.016098
-0.004442
0.003453
0.004327
-0.002932
0.017650
-0.001190
-0.004658
0.011243
0.012117
-0.012772
-0.004909
-0.005544
-0.007270
-0.000145
0.008942
0.010119
-0.011138
0.002611
0.006390
0.001436
-0.008453
-0.005089
-0.002742
0.006310
0.002959
0.002351
-0.004681
0.000599
0.013177
0.002044
-0.006516
0.012401
0.026606
-0.004450
-0.000343
0.009981
-0.018589
-0.006031
-0.015032
0.002278
0.002789
0.006442
-0.013149
-0.001218
-0.009318
-0.003207
-0.005030
0.012997
0.000195
-0.003830
-0.012693
-0.013380
0.002545
-0.019739
-0.009374
-0.002168
-0.001780
-0.001271
0.006223
-0.014683
-0.000691
-0.000737
-0.000928
-0.008025
-0.002631
-0.000236
0.011993
0.010051
-0.010404
-0.005838
-0.008745
-0.002656
0.008340
0.007183
-0.005112
0.004991
0.008684
0.007913
-0.003147
0.008789
0.001587
0.006235
-0.008750
0.009496
-0.000915
0.009376
-0.000942
0.001607
-0.016686
-0.002783
-0.014695
0.009356
0.003374
0.014412
0.002420
0.005366
-0.005778
0.005330
-0.010375
-0.001467
-0.000743
0.029347
0.009384
-0.012342
-0.023357
0.029708
-0.012139
0.002971
0.000263
0.013241
0.002262
0.010944
0.004719
0.009924
0.007631
0.005215
0.005997
0.003561
-0.011783
0.002885
-0.000923
-0.010819
0.000261
0.010912
0.007115
0.002607
0.010945
-0.003714
0.013418
0.006870
-0.003297
0.001205
-0.012936
0.004536
-0.001761
0.002911
-0.000815
-0.009801
-0.003255
0.008859
-0.002444
-0.010532
0.021718
0.005858
0.005620
-0.013393
-0.002088
0.005283
0.013116
0.005702
0.000748
-0.003451
0.006223
-0.000618
-0.005882
0.003902
-0.008492
-0.018426
0.009920
0.009248
0.001925
-0.006723
-0.002416
-0.008880
0.009249
-0.011671
0.002625
-0.009518
-0.013078
0.009069
0.006758
-0.003522
0.019427
0.009075
-0.007545
-0.006657
-0.007044
0.002895
0.014489
-0.021894
-0.020462
0.000971
0.014038
-0.011479
0.044419
-0.033880
0.004365
-0.006798
-0.001053
0.007017
0.005531
-0.000021
0.011497
-0.008168
-0.015215
-0.006160
0.010847
0.028799
-0.015762
-0.002440
0.004478
-0.013255
0.000527
-0.019405
0.011477
-0.001333
0.003770
0.004164
-0.004083
-0.004668
0.000412
0.009582
-0.017645
-0.003154
-0.001415
0.010073
0.002394
-0.001727
-0.012098
0.002446
-0.017676
0.009956
-0.008388
-0.018330
-0.022891
-0.004466
0.011557
0.003984
-0.025303
-0.009527
-0.005912
0.001424
0.000925
-0.011028
0.003017
0.005561
-0.011752
-0.009132
0.001351
-0.018074
-0.000451
0.001896
-0.015251
0.013189
0.004052
0.018205
-0.026155
-0.000737
0.012899
-0.007319
0.000563
-0.010107
0.016561
0.006584
0.014348
0.002893
-0.014854
-0.010058
0.014200
0.002079
0.000518
0.002234
0.000039
-0.009752
0.024553
0.004517
-0.004885
0.005758
0.000151
0.003236
-0.009603
0.009517
-0.008995
0.005160
0.002689
0.000702
0.005340
-0.016527
-0.001788
0.018939
-0.005258
-0.002094
0.013947
0.004553
-0.000975
-0.006192
0.010685
0.000263
-0.007131
0.005186
0.002552
-0.002794
-0.007487
-0.009424
-0.010533
0.000986
-0.005087
0.001496
0.004402
-0.003067
0.018425
0.008805
-0.007785
0.010609
-0.007781
0.010533
0.010187
-0.003218
-0.001060
-0.005915
0.008464
-0.008972
0.014556
0.013144
0.002787
-0.001297
0.005730
0.014366
-0.003140
0.012317
-0.003208
0.001327
0.006287
-0.006286
-0.001115
-0.009722
0.001078
-0.007712
-0.021953
0.005898
0.016911
0.003685
0.001052
-0.015853
0.008662
0.003223
-0.012837
-0.008137
-0.001922
0.005889
-0.011589
-0.001365
-0.021563
0.002582
-0.021597
0.007056
0.009440
0.005846
-0.013354
-0.001658
0.006841
0.002268
-0.005659
0.002084
-0.008062
-0.004817
0.008865
0.008933
-0.007040
-0.005775
-0.001456
0.010436
-0.004436
-0.012544
-0.005215
-0.008420
0.007711
-0.009887
-0.006649
0.000502
-0.001598
0.006812
0.000182
0.025404
0.001412
0.001769
0.009693
0.001468
-0.000584
0.008540
-0.001242
-0.008129
0.012253
0.001997
-0.009731
-0.012083
0.013738
-0.005340
-0.005211
0.019009
0.004743
-0.014602
-0.007646
-0.010554
-0.007592
0.005010
0.008147
0.017539
0.001967
0.006301
-0.001977
-0.000401
-0.002740
0.009161
0.000441
-0.017118
-0.009104
-0.010570
-0.006643
-0.014231
0.015334
0.014057
0.002561
0.008744
-0.000057
-0.032857
0.001327
0.011367
0.000688
-0.007379
-0.000630
-0.011413
-0.000139
-0.000110
-0.000832
-0.015346
-0.007025
-0.000795
0.002497
0.009419
0.002777
-0.005505
-0.016088
-0.005832
0.006535
0.017304
-0.009224
0.000021
-0.013365
0.011249
0.005788
0.003762
-0.013771
0.004140
0.000938
-0.011268
-0.014543
-0.001419
0.001603
0.000883
0.000950
0.004873
-0.005726
-0.000238
0.018563
0.004388
-0.004915
0.014490
-0.025734
0.012249
-0.006233
0.008464
0.005144
-0.000228
-0.005573
0.001025
-0.003871
-0.014260
-0.011983
0.009856
-0.000802
0.011172
-0.009629
-0.010285
0.013126
0.001267
-0.006721
-0.001642
-0.000997
0.001173
-0.016202
0.003825
-0.021390
-0.002735
-0.007456
-0.007065
0.001645
-0.001817
-0.001475
-0.009165
-0.002129
0.000284
-0.000589
-0.000180
0.015773
-0.018098
0.000490
0.014412
0.004267
0.001484
-0.005538
-0.023260
-0.021033
0.005084
-0.013364
-0.001266
0.004271
-0.002468
-0.007508
0.024559
0.006784
0.003034
-0.002149
-0.005144
0.001787
-0.011075
-0.012055
0.007774
0.002047
0.004458
-0.016285
0.003942
-0.006655
-0.020767
0.011011
-0.002202
0.014053
-0.000871
0.002919
-0.008724
-0.010503
-0.008332
0.000820
-0.008340
-0.011927
-0.001605
-0.004840
-0.007384
0.004317
-0.007658
0.000744
-0.005041
0.005268
0.016603
-0.010782
0.010263
0.005437
-0.015528
0.016446
-0.007437
-0.003605
-0.008271
0.016786
-0.012623
0.003555
-0.017350
0.006158
-0.010459
0.012653
-0.020066
0.003977
-0.011014
-0.003280
-0.003443
0.005189
0.006499
0.005130
0.008761
0.007056
-0.004017
0.003313
0.021375
0.003959
-0.010224
-0.007088
0.000612
-0.005087
-0.002011
-0.000659
0.003956
-0.005893
-0.000273
0.004861
0.004511
-0.024148
-0.007324
-0.010496
-0.003032
0.005274
0.002998
-0.001031
0.006500
-0.004654
-0.000894
0.005121
0.006047
-0.003188
-0.002429
-0.004981
0.004377
0.003866
-0.005868
0.000447
-0.013038
0.005862
-0.016976
0.008518
0.005755
-0.007962
0.004996
0.004662
0.005478
0.004519
0.015500
0.005034
-0.004380
-0.002849
0.028967
-0.008417
0.027693
-0.013818
0.001869
-0.008660
-0.006047
0.001682
-0.019154
0.007608
-0.004277
-0.006301
0.005370
0.010137
0.006255
-0.008879
0.002831
-0.004277
0.002336
-0.006955
-0.005411
-0.000192
0.002157
0.016225
0.001916
0.002805
-0.009767
0.006440
-0.011860
0.004443
-0.013032
-0.004554
-0.007626
0.010495
-0.016100
0.010245
-0.002831
0.002800
-0.001024
-0.005469
-0.000126
-0.010552
0.005673
0.010924
-0.012137
-0.008403
0.001011
0.007596
0.010121
-0.016490
0.002999
0.027415
-0.013015
0.004526
-0.000283
0.001298
-0.007196
0.003870
0.022805
0.020747
-0.003449
0.004456
0.001280
0.012004
-0.006780
-0.001508
-0.004917
0.006213
0.002363
0.024050
-0.000354
-0.007114
0.002390
-0.008024
-0.000060
-0.001387
-0.004097
0.001402
-0.008480
0.009626
-0.010173
0.006084
-0.003228
-0.000932
0.001755
0.018502
0.004317
-0.032725
-0.004815
0.009153
-0.005323
0.009566
-0.007651
-0.017239
0.012775
-0.003254
0.007387
0.002739
0.005277
0.006357
-0.008442
-0.008544
0.005468
0.010687
0.008884
0.008320
0.008467
0.004972
0.002772
-0.013033
-0.008182
0.013456
-0.017436
-0.004044
-0.001312
0.004404
0.015037
-0.000393
0.001333
0.004402
-0.014606
0.005262
-0.018241
-0.002321
0.009765
-0.000175
-0.002118
-0.010540
-0.005620
0.007334
-0.011528
-0.004575
0.000614
0.003853
0.022503
-0.009923
-0.000725
0.004820
0.007152
0.001765
0.007942
-0.004662
0.002348
-0.004426
-0.000112
0.004888
-0.003367
0.006645
0.009580
-0.020615
0.010837
-0.006776
0.012428
-0.013416
0.001828
0.006165
-0.011662
-0.004279
-0.000340
0.000418
-0.007050
0.008154
0.005659
0.000586
-0.002713
0.007843
-0.011330
0.002357
0.008560
-0.007134
0.017686
0.011177
-0.000385
-0.001038
0.004924
-0.000380
0.001008
-0.003488
0.004740
0.000099
-0.004782
0.007859
-0.003430
-0.008594
-0.005631
-0.002445
-0.014775
0.009078
0.006471
-0.004300
0.015052
-0.006954
-0.007185
-0.001103
0.003212
0.005753
-0.002077
-0.001620
-0.001054
-0.003423
-0.007384
0.004166
-0.025267
-0.002948
0.012366
0.003289
-0.003097
0.004019
0.001716
-0.012988
0.002527
0.009603
0.001764
0.008932
-0.007592
-0.003427
-0.011837
-0.019783
0.006501
0.007914
0.013343
0.010010
-0.000024
0.008851
-0.009960
-0.008551
0.014956
-0.017845
-0.009339
-0.028888
0.012217
-0.005739
0.008684
0.003164
0.001089
-0.010955
-0.003614
-0.019824
0.005037
-0.001345
-0.001755
-0.004315
0.000193
-0.004072
0.007884
0.028646
0.007927
-0.002203
0.010539
-0.013165
-0.002359
0.009003
0.002466
0.004092
-0.019682
-0.002533
0.002286
-0.007315
-0.008895
0.009414
0.007001
-0.001997
-0.002074
0.010898
0.004878
-0.001221
-0.002822
-0.006870
0.002582
-0.002431
-0.012821
0.019824
0.023808
0.006562
0.010142
0.001776
0.004106
-0.019328
-0.002384
-0.014444
-0.013316
-0.008437
-0.007877
0.020204
0.010668
-0.010589
-0.012596
-0.013990
-0.011807
-0.004685
-0.017473
0.001599
-0.006214
-0.002059
0.009206
0.007041
0.001945
0.001630
-0.011603
0.004578
0.013990
-0.010620
0.016899
-0.014681
0.004331
-0.012348
0.000189
0.007760
0.003062
-0.009315
0.002960
0.009557
0.000414
-0.010117
-0.003574
0.008420
0.001861
-0.000684
-0.003491
0.008704
0.005111
-0.004818
-0.012064
0.007532
-0.012643
-0.004166
0.000447
-0.011754
-0.005278
-0.011948
0.001192
0.000004
0.012424
0.009413
0.003759
0.007725
-0.016565
-0.017362
0.011475
-0.000145
-0.002971
-0.003255
0.002694
-0.000493
-0.010630
-0.000509
-0.012263
-0.018928
-0.017908
0.003506
0.004346
-0.003814
0.000353
-0.005401
0.008834
0.002959
-0.003148
0.006880
-0.001033
0.005241
0.007580
-0.003430
-0.001233
0.011054
0.022562
-0.005952
0.002390
-0.006868
0.003107
0.006660
-0.001656
0.010558
0.005991
0.014705
-0.003465
0.000034
0.009747
0.008391
0.006347
0.012345
0.003765
-0.004526
0.018796
-0.004829
-0.015284
-0.018053
0.020158
-0.021691
0.023884
-0.011511
-0.005316
-0.011043
0.007263
0.004496
-0.005383
-0.002057
-0.003765
-0.003602
-0.000552
-0.006227
0.003352
0.008222
-0.003429
-0.008989
0.004611
0.002539
0.003289
-0.009561
0.009544
0.008335
0.003493
0.000965
0.004566
-0.004685
0.002402
0.017136
-0.003160
-0.000885
-0.004700
0.014599
-0.005505
0.009972
-0.004684
-0.010193
0.005478
-0.001217
-0.025335
0.003385
0.004363
-0.014810
-0.009068
-0.003100
-0.013205
0.004831
0.003485
0.010634
0.007448
0.014246
-0.000789
0.000422
-0.003522
-0.003477
0.006418
-0.008170
-0.022092
-0.012899
-0.009647
-0.030240
-0.011275
-0.010089
0.006761
0.023390
-0.000771
0.008933
0.004592
-0.011946
0.010669
-0.005934
0.002365
-0.004987
-0.008753
0.004844
-0.018298
0.002552
-0.007443
-0.009366
0.005797
-0.010136
-0.005036
0.011643
0.009159
0.005982
-0.002481
-0.001831
0.001123
0.000641
0.009632
-0.005739
0.003779
-0.004956
-0.002307
0.000343
-0.005658
-0.018556
0.011580
-0.007652
0.017538
-0.002179
0.000174
-0.008662
0.011874
0.007017
0.000072
0.011288
-0.010041
0.002631
0.000404
0.012005
-0.002481
-0.015188
0.007934
-0.000348
0.001540
-0.012172
-0.004681
-0.007728
0.001000
0.001422
-0.006233
0.008926
-0.003384
0.007944
-0.001900
0.012537
-0.010443
0.006157
0.019494
-0.005576
-0.004947
-0.007753
0.010508
0.008283
-0.004368
-0.007501
-0.003729
-0.016029
0.005119
0.002260
-0.005042
0.005159
0.008609
0.006409
-0.003811
-0.001911
0.023463
0.009802
-0.002633
0.022029
0.001951
-0.018637
-0.009281
-0.008323
-0.005705
-0.002497
-0.012625
0.009177
0.006537
-0.003457
0.000761
0.000906
-0.006081
-0.004925
-0.005122
-0.006525
0.010897
-0.008246
-0.006516
0.022253
0.013052
-0.004011
0.006974
-0.016056
-0.012584
0.000701
-0.005460
0.001001
0.002860
-0.010565
0.013513
-0.004854
-0.002146
0.007479
-0.015714
-0.000377
-0.001425
0.005531
-0.001910
-0.019731
-0.011045
-0.001963
-0.007106
-0.008980
-0.018851
-0.010817
0.004859
0.002893
0.005098
0.001480
-0.000345
0.008541
-0.003820
0.025046
-0.003445
-0.005880
-0.000522
-0.007614
0.011088
0.007469
-0.002843
-0.002828
0.007216
-0.002815
-0.016255
0.008560
-0.001535
-0.010820
0.025724
-0.003119
-0.008053
-0.001252
0.005518
0.001829
-0.002818
-0.000457
-0.004432
-0.000952
-0.007336
-0.000166
0.011613
-0.011358
-0.018977
0.007377
0.002921
0.000503
-0.008946
0.012142
0.006586
-0.006652
-0.014726
-0.001540
-0.002345
0.009338
0.005581
0.009136
-0.004937
0.020699
-0.012307
0.009311
-0.010697
-0.008967
-0.001739
0.000895
0.000950
-0.009629
0.001409
-0.006185
0.011873
-0.001711
-0.002721
0.009982
-0.004215
-0.008700
-0.020363
-0.006788
-0.003706
-0.011461
-0.007855
-0.026621
-0.013263
0.005421
-0.006338
-0.008618
-0.006324
0.000282
-0.005945
0.009068
-0.002535
-0.003525
0.001196
0.007197
0.000774
0.005561
-0.000753
-0.003501
0.010219
-0.005146
-0.003314
0.001142
0.013389
-0.008322
0.005952
0.006272
0.004858
0.019608
0.000259
0.005293
0.005953
-0.003545
-0.017559
-0.006173
-0.002885
-0.019168
0.028994
-0.000843
-0.011684
0.015633
-0.005043
-0.013784
0.004239
-0.002584
-0.000338
0.003657
-0.005639
0.011400
0.006082
-0.004728
0.011077
0.011951
0.000948
0.010848
-0.018998
-0.009283
-0.003772
0.000906
0.002372
0.000324
-0.005622
0.004517
0.002781
-0.003791
-0.005063
0.013568
0.014573
-0.009994
0.004843
-0.004758
0.002677
-0.002647
-0.012511
0.003578
0.008220
-0.016140
0.005833
-0.004683
0.002179
0.007417
0.001012
0.005949
0.017138
0.011866
0.001397
0.015895
0.004317
-0.033686
0.024675
-0.020040
0.001684
-0.005725
0.009368
0.004497
-0.012366
-0.002556
0.000726
-0.005399
-0.008811
0.005628
-0.009572
-0.009693
-0.000763
-0.010238
-0.011152
-0.000752
0.010788
-0.011133
-0.005614
-0.005619
0.008294
0.014668
0.019632
0.005415
-0.002405
-0.004205
-0.003394
-0.003440
0.009138
-0.012106
0.002340
0.010529
-0.005743
0.019039
0.006654
-0.008795
-0.002839
-0.007580
-0.000244
0.007582
-0.009792
0.002229
-0.002496
0.004254
0.028104
-0.005707
-0.025267
-0.018359
-0.029582
-0.002299
0.005708
-0.006566
-0.004302
0.001792
-0.009949
0.009546
-0.000426
-0.011472
0.007116
0.003323
0.008228
0.004559
0.001620
0.007205
-0.004564
0.004408
-0.006831
-0.018863
0.003746
-0.004124
0.015744
0.011443
0.006709
0.001020
-0.004482
0.011462
-0.000434
0.009569
0.004597
0.003988
-0.009695
-0.015905
0.015208
-0.013085
-0.000405
-0.009243
0.012201
-0.002496
-0.012573
0.003506
0.000395
0.018577
-0.002607
0.005232
-0.000458
-0.002365
0.002241
0.003286
-0.000884
-0.007804
0.004888
0.008741
-0.004817
-0.013021
0.002938
0.013020
0.003372
0.006061
-0.000898
-0.008996
-0.000273
-0.012083
-0.006189
0.005894
-0.000687
-0.014020
0.003658
0.009954
0.001091
0.006145
-0.003013
-0.006438
0.001773
-0.040148
0.017320
0.000256
-0.004179
0.010731
-0.006192
-0.000716
0.000007
-0.002650
0.011106
0.002837
0.011054
0.000485
0.017042
-0.006155
0.010226
0.008367
0.005498
0.028824
-0.015856
0.013774
0.003007
0.006756
0.005622
0.000732
-0.012421
0.001587
0.007799
0.003137
-0.005452
-0.006754
0.007215
-0.001959
0.002348
0.000635
-0.005995
0.010943
-0.011054
-0.006633
0.001831
-0.003046
0.019579
-0.010364
0.006142
-0.017998
-0.010433
0.012108
-0.013200
0.002475
-0.003837
