-0.004740
-0.001133
0.011836
-0.001437
-0.018456
0.002655
-0.000958
0.002537
0.008384
0.002688
-0.012495
0.020724
0.010463
-0.000839
-0.008929
0.016304
-0.002064
0.005605
-0.001894
0.004338
0.001072
0.002412
0.012175
0.010245
-0.020713
0.004180
0.014757
0.005551
-0.030354
-0.004216
-0.003318
0.006258
0.010346
0.010711
-0.009884
0.003764
0.023952
-0.003676
-0.008469
-0.003690
-0.004032
0.013748
0.003583
0.003113
0.005034
0.008602
-0.005758
-0.015306
-0.013021
-0.003195
-0.000154
-0.002742
0.002624
0.007222
-0.017044
0.002650
-0.004234
-0.014571
0.014255
-0.002450
-0.006372
-0.000806
0.002304
0.000972
0.006720
-0.003633
0.002260
0.006769
0.001249
-0.000029
-0.016164
-0.002547
-0.021895
0.003412
-0.009729
-0.008189
-0.002271
-0.004953
0.010466
-0.014395
0.005853
-0.003372
-0.002404
-0.001239
-0.003919
-0.007143
0.012088
-0.004693
-0.005264
0.002858
-0.003160
0.001412
0.010121
0.011947
0.024447
-0.001077
0.006898
0.002085
-0.018089
0.008644
-0.007250
0.006549
0.002795
-0.018453
-0.011448
-0.015794
0.000328
0.001094
-0.016001
0.000469
-0.004568
0.011927
-0.011044
0.001555
-0.003624
-0.005809
-0.005750
-0.004352
0.006268
0.000446
0.019318
-0.016859
-0.002601
-0.023718
0.007651
-0.008111
0.011128
0.004746
0.003275
-0.015526
0.009800
0.012287
-0.011515
0.021269
-0.009306
0.005190
0.000871
0.002945
-0.017259
0.010668
-0.001537
-0.001352
0.002018
0.003420
-0.015079
-0.004647
-0.002562
0.005413
-0.014513
0.009548
-0.006833
-0.001157
-0.000827
0.000390
0.002110
0.022045
-0.016266
-0.026349
0.006378
0.000408
-0.014295
-0.012762
0.000420
0.017714
-0.004367
-0.003636
0.004134
-0.012209
0.004698
0.009125
0.007692
0.004756
0.008582
-0.006059
0.001907
-0.006634
0.001049
-0.011124
0.000845
0.012929
0.030702
-0.017033
0.003545
0.000499
-0.004474
-0.010477
0.013985
-0.010718
0.015426
0.013630
0.009217
-0.001183
-0.000399
-0.018700
-0.005981
-0.007900
-0.011872
-0.002677
-0.011103
-0.000020
0.017322
0.008112
-0.000876
-0.005451
-0.010567
0.019465
0.009997
-0.005376
0.002109
-0.006335
-0.012564
0.001794
0.020654
0.003617
-0.004173
-0.008643
-0.004010
-0.007795
0.013907
-0.014510
0.013541
-0.007389
-0.001096
0.001977
0.015729
-0.023858
0.013832
-0.000076
0.015417
-0.002888
-0.000149
-0.008841
0.005251
-0.000846
0.003361
0.012077
-0.010810
0.007932
0.004883
-0.010838
-0.007716
-0.004492
0.021371
0.003757
-0.009632
-0.004788
0.003062
-0.016843
-0.010305
-0.001323
-0.008708
0.015722
-0.003817
0.006875
-0.007293
-0.003919
-0.000964
0.011890
-0.008408
-0.010021
0.002538
-0.002876
-0.004285
0.004825
-0.002341
0.003347
0.023911
-0.008380
0.007818
-0.009886
-0.010913
0.012516
-0.009731
0.004559
-0.000094
0.003994
0.011081
-0.022967
-0.007352
0.022145
-0.000313
0.000850
-0.019677
-0.009826
0.002257
0.002776
0.000676
-0.004748
0.007352
0.007731
-0.007621
-0.010075
0.000640
0.010885
0.004173
-0.011192
-0.008523
-0.007961
0.002104
-0.002283
0.010015
-0.008207
-0.003374
0.005209
0.007097
0.013789
0.012303
0.005165
-0.006809
-0.003638
-0.001720
-0.010547
0.009551
0.011537
-0.006177
0.005187
-0.004223
0.009654
0.026015
0.009144
-0.003179
-0.009651
-0.013177
-0.007416
-0.003197
-0.000495
-0.002015
-0.009221
-0.011050
0.010625
-0.003886
-0.011983
0.010092
0.000626
0.005285
-0.017669
0.022880
0.005660
-0.008527
0.026815
0.012735
-0.019125
-0.000359
0.006763
0.009336
0.009473
0.006560
0.008580
-0.002413
-0.002440
-0.015974
-0.001334
-0.014346
-0.002436
-0.003541
-0.005830
-0.027886
-0.010579
0.033008
-0.001889
0.001979
-0.001499
-0.010373
0.001715
-0.014096
-0.005150
0.002996
0.018611
-0.017187
0.004219
0.003803
0.017637
0.003313
-0.018057
0.013716
0.005896
0.011166
0.007274
-0.009059
-0.011141
-0.018077
0.002510
0.009837
-0.004748
-0.005461
-0.011388
0.004847
-0.000514
-0.008636
0.009207
-0.007909
-0.007017
-0.001654
-0.012714
0.004674
-0.001822
0.012430
0.014255
-0.008437
0.008089
0.013833
0.021992
-0.004747
-0.000634
-0.012623
-0.002154
-0.000814
0.001914
-0.005803
0.003747
-0.007070
0.001419
-0.006737
-0.008583
-0.005465
0.010088
-0.025752
-0.009790
-0.002928
-0.007145
0.015105
-0.024884
-0.003762
-0.001509
0.009791
-0.005213
-0.012815
0.011256
0.002245
0.006437
0.018016
0.013304
-0.029606
-0.002365
0.009961
0.000055
-0.008293
0.005543
0.006264
-0.000988
-0.006691
0.004794
-0.015481
-0.010567
-0.007292
0.002049
0.001498
0.012165
-0.003328
-0.000380
-0.016153
0.016118
-0.002304
-0.011625
-0.002150
-0.004852
0.026677
-0.032905
-0.005640
0.002380
0.003618
0.009046
0.003503
0.000394
0.000378
0.000454
-0.002291
0.005044
-0.033594
0.004615
0.001782
0.003142
-0.025759
0.031547
-0.018842
0.004244
-0.000997
0.000725
0.004255
0.005704
-0.003451
-0.006310
0.002474
-0.002517
0.002750
0.013168
-0.006921
-0.004415
-0.000803
0.004841
0.001858
0.005793
0.004076
-0.009110
0.008202
0.016121
-0.010344
-0.004408
0.002495
0.004896
-0.024348
-0.008921
-0.011132
0.013438
0.010314
0.004311
-0.012654
-0.006612
-0.005761
0.003628
-0.017697
0.001289
0.004913
-0.007343
-0.006040
-0.000475
0.018249
0.010486
-0.001911
-0.001464
-0.002338
-0.009138
-0.013354
0.006665
-0.003447
0.006022
0.019973
0.001251
0.009093
0.019062
-0.002996
-0.000710
0.012925
-0.004945
0.008234
0.002890
0.009445
-0.005576
-0.007203
0.008076
0.005093
0.007348
0.008535
0.005927
0.007818
0.005637
0.000920
0.014610
0.006049
0.016866
-0.009489
0.007033
-0.006070
0.008531
-0.010329
-0.004260
-0.011304
-0.009517
-0.014809
0.011285
0.011936
0.010662
-0.007379
0.006705
0.006973
0.007869
-0.006771
0.000097
0.015515
-0.012544
0.011017
0.003571
-0.019040
0.003583
0.000608
0.002217
0.000130
-0.025172
0.010327
0.002421
-0.007978
0.002676
-0.002032
-0.002723
0.001038
0.001545
0.010021
-0.001455
0.007663
-0.002728
0.003000
0.007537
-0.018420
0.004628
-0.006472
-0.003477
-0.008014
0.010046
0.004739
0.005713
0.001443
-0.020395
-0.020481
0.015530
0.019269
-0.001568
0.006078
0.000630
-0.002734
0.011321
0.001393
0.013282
-0.006968
0.019559
-0.003960
0.005192
-0.008921
0.005131
0.000546
-0.008583
-0.007505
0.008570
0.000716
0.009359
-0.006455
0.002395
-0.018391
-0.000966
-0.014889
0.003510
-0.003477
0.011801
-0.010450
-0.003470
0.011595
-0.000494
0.006510
0.011679
0.004278
-0.006063
0.010499
0.000112
0.010738
0.001288
0.005732
-0.005626
0.010843
0.010498
-0.011770
-0.006267
-0.011051
-0.001995
-0.001798
0.002043
-0.004967
0.008187
0.007760
-0.016291
-0.010361
0.007867
-0.006925
-0.015713
-0.013045
0.009999
0.002768
-0.005639
0.015515
0.010757
0.010830
-0.002752
-0.001192
-0.010848
0.010673
-0.008433
0.002581
0.005718
0.006246
-0.002002
-0.015725
-0.000721
-0.006808
-0.001153
-0.013037
-0.028303
0.013317
-0.014978
0.020351
0.010420
0.012270
0.021846
-0.015909
-0.006803
0.006310
0.000861
-0.010297
-0.004584
0.012247
-0.007154
0.001596
0.017131
0.015016
-0.014145
-0.007268
0.017741
0.015366
0.000578
0.000670
0.002497
0.009251
0.003270
-0.018679
-0.007898
0.023435
-0.005307
-0.000789
-0.014113
-0.001730
-0.002515
0.004896
0.020078
0.009653
0.003735
0.005497
0.000795
0.003324
0.010432
0.001778
0.004874
-0.018035
0.023811
0.014800
-0.010011
-0.013528
0.009509
0.011602
0.011648
0.008301
0.006877
0.005557
0.003522
0.004401
0.015786
0.009837
-0.004471
0.002727
0.004353
-0.000639
-0.027859
0.012879
0.009123
-0.011321
-0.015235
-0.002894
-0.006899
0.000323
0.005754
-0.002176
-0.002505
-0.006460
-0.010014
0.003106
0.000683
-0.001207
0.000118
-0.004133
-0.005283
-0.006742
-0.006814
-0.010437
-0.002907
-0.004495
0.002628
0.001232
-0.020094
-0.009735
0.003574
-0.019614
0.008131
0.005607
-0.025354
-0.010698
0.008896
-0.012940
0.002227
0.008191
-0.008688
-0.003304
0.009405
-0.010197
-0.010847
-0.007117
-0.002660
-0.012335
-0.008996
0.002583
0.001630
0.006669
0.000075
0.009473
0.024640
0.003180
0.002192
-0.007245
0.000480
-0.009541
0.009014
0.002204
0.011771
-0.004970
-0.003786
0.005103
0.017253
0.009215
-0.012853
0.004350
-0.008647
0.009280
0.014557
-0.006828
0.011449
-0.004894
-0.001949
0.006207
0.003910
0.013277
0.022303
0.007269
-0.001807
0.010372
0.015735
0.006893
-0.003367
0.012354
-0.001886
-0.003697
-0.003702
0.011270
-0.019775
0.005935
0.002748
0.003930
0.007381
0.003131
-0.003280
-0.019314
-0.009520
-0.005089
-0.007964
-0.001617
0.011385
-0.000970
-0.007319
-0.003042
-0.009134
0.018735
-0.031830
-0.005655
-0.039691
0.000529
-0.004511
-0.005685
-0.006088
0.004021
-0.003089
0.000474
0.021920
0.021549
0.002874
0.010002
-0.007824
-0.000202
0.006301
-0.015543
-0.012373
0.001265
-0.003154
0.006021
-0.023502
-0.009046
0.005914
-0.004592
0.002204
-0.011868
0.015741
-0.013635
0.004983
0.022089
0.001264
0.001755
0.007194
-0.006479
0.003580
-0.017872
-0.013170
0.005878
0.016284
-0.000944
-0.009212
0.005714
0.022064
0.005584
0.011883
-0.013784
-0.009562
0.006270
0.004940
0.016327
0.012179
0.005133
0.011857
0.001099
0.003344
-0.017325
-0.002120
-0.028376
-0.001997
-0.019213
0.014053
0.014039
0.006387
0.005079
-0.007805
0.011037
-0.023049
-0.000816
0.002985
0.006680
-0.001103
0.022243
-0.006126
0.021196
0.001170
-0.000345
-0.008852
0.010144
0.003441
0.009806
0.010629
0.019285
0.007370
0.011551
0.009354
0.001871
-0.010810
0.002046
0.003871
0.005366
-0.001678
-0.003596
-0.008903
-0.010035
-0.005427
0.044632
0.016887
0.003108
0.002884
0.014272
0.002024
0.005006
0.011959
-0.013361
0.013934
0.014999
0.011947
0.004120
0.001998
0.002345
0.002774
-0.014695
0.001657
0.007720
0.018413
0.014467
-0.000217
0.011639
0.020490
0.001573
-0.015325
-0.001425
-0.008631
0.017304
0.000113
0.000113
-0.021460
0.020574
-0.001727
0.002186
0.002704
0.005758
0.016462
0.015637
-0.014611
0.002220
0.016134
-0.023931
-0.004341
-0.003186
-0.014333
-0.008736
0.010410
0.005185
0.007526
-0.005206
-0.006378
0.007702
0.002679
-0.010459
0.005657
0.001101
-0.019355
0.006594
-0.008448
0.012754
0.023155
-0.004047
-0.003862
-0.021143
0.041799
0.010306
-0.009782
-0.004562
0.003894
-0.003786
-0.005964
-0.003866
0.001336
0.005664
-0.005894
-0.006949
0.004958
-0.010010
-0.003361
-0.009207
-0.011123
0.000590
0.014361
-0.010285
-0.023447
-0.008848
0.006564
-0.006385
-0.006084
-0.013369
-0.008389
-0.014820
-0.000244
-0.007937
-0.000626
-0.000258
0.010381
-0.001884
-0.007989
-0.011127
0.004467
0.002376
0.007700
-0.011925
-0.002279
-0.001230
-0.000521
-0.004230
0.004305
-0.000077
-0.001091
0.001422
-0.003844
-0.006160
0.006386
0.001541
-0.008644
0.009981
0.000417
-0.002774
-0.008304
-0.011165
0.019106
0.007296
0.006972
0.003932
-0.013773
0.010486
-0.003277
0.002169
0.008987
0.009262
-0.000761
0.017341
-0.003877
0.003296
0.005435
0.016395
-0.032434
0.015350
0.001959
-0.000447
-0.002393
-0.012222
-0.006906
-0.002403
0.003691
0.003216
0.002848
-0.015301
-0.015976
-0.003244
-0.001412
-0.002822
-0.011272
-0.004114
-0.008760
-0.007868
-0.004289
-0.008274
-0.005617
-0.005683
0.018442
0.002383
0.011949
0.004684
-0.001974
0.014851
0.002205
-0.005402
-0.000643
-0.005983
0.002938
0.006395
0.002528
0.000201
-0.000269
-0.001874
-0.009192
-0.015040
-0.029198
-0.006541
-0.006470
0.001594
-0.017498
0.009257
0.003932
-0.001779
-0.015118
0.016909
-0.011389
-0.004546
0.004676
0.008267
0.007177
0.003074
-0.006450
0.011077
0.013743
-0.000091
-0.002661
-0.017289
-0.017974
0.008934
0.000823
-0.002167
-0.008131
0.001527
-0.009893
-0.009566
-0.007774
0.026943
-0.004366
0.005909
-0.003574
-0.002328
0.001665
-0.003685
0.001957
-0.003413
-0.009386
0.002530
-0.004853
-0.002819
-0.004887
0.007433
0.003173
-0.014198
-0.003085
0.003938
0.001512
0.003831
0.002945
-0.011792
0.001858
0.013730
0.004594
-0.012744
0.011148
0.006078
-0.000429
0.011036
-0.031040
-0.004511
0.006396
0.006118
0.005001
0.004292
0.006007
-0.006863
0.008422
-0.004125
0.005550
0.000287
0.006289
0.000279
0.005675
-0.012870
-0.011253
-0.007458
0.017850
0.016967
-0.001213
0.009122
-0.001306
-0.000958
-0.004488
-0.014444
0.002093
-0.000465
-0.009443
-0.000882
0.001299
0.013188
-0.004801
-0.004993
0.006788
-0.004691
0.008099
-0.010635
-0.002082
0.010585
-0.009875
-0.006078
0.010724
-0.007072
0.004112
0.005716
-0.003161
0.008188
-0.001579
-0.009456
0.011424
0.003339
-0.002442
0.005053
-0.002647
-0.000853
-0.005060
-0.007109
-0.031208
-0.000146
-0.008390
-0.001083
-0.003340
-0.012689
0.009456
-0.014906
-0.002385
0.007655
-0.000569
-0.000416
-0.006355
0.009188
-0.005323
-0.003595
-0.000902
-0.012238
-0.008084
-0.012821
0.008344
-0.007573
0.002734
0.003775
-0.000811
-0.001070
-0.004454
-0.010729
0.003120
0.005004
-0.000645
0.021830
0.014301
0.000938
-0.000330
-0.014430
-0.009170
-0.011456
-0.003374
0.001638
-0.005862
0.009910
0.021510
0.006905
-0.005148
-0.012489
0.001037
0.002801
-0.004125
-0.012143
0.008131
-0.006784
-0.005561
-0.007544
-0.001421
0.012775
0.005759
0.005769
0.009953
0.005487
0.019657
-0.000863
0.008533
0.000692
0.001159
0.001081
-0.007659
-0.002425
-0.015647
0.006507
-0.003341
-0.002877
0.005655
0.001052
0.011824
0.003266
-0.002145
0.014240
-0.005479
-0.004059
-0.003596
0.012264
0.010003
-0.010360
-0.000632
-0.000190
-0.002668
0.023098
0.000623
0.000965
-0.004552
-0.015144
0.000412
-0.008313
0.007524
0.005946
-0.012792
-0.010885
0.002747
-0.003431
0.014565
0.014743
0.011228
0.016602
-0.005849
0.016041
-0.001753
0.000232
-0.011762
0.003006
0.001302
0.012201
0.001720
0.010146
-0.006121
-0.008059
0.005544
0.005583
0.004579
-0.001865
-0.010894
0.001158
0.003111
0.006339
0.001686
0.002794
-0.006515
0.000678
0.000528
0.016517
-0.006591
-0.016287
0.002590
0.002213
-0.000916
-0.007115
0.015500
0.024842
0.002955
-0.006583
-0.012612
0.008059
0.005961
-0.004410
-0.011182
0.006316
0.013652
-0.011408
0.000162
0.001586
-0.005435
0.006068
-0.002639
0.005355
0.007053
0.000809
0.002598
-0.004875
0.011961
0.009945
0.006910
0.005680
-0.000413
0.006126
0.006934
-0.001649
-0.014978
0.002650
-0.014818
0.007226
0.017084
0.008040
0.000712
0.002989
0.013380
0.005455
-0.000209
-0.019824
-0.016511
0.011295
-0.005254
0.007689
-0.010321
0.000698
-0.003376
-0.011469
-0.010753
-0.022002
0.009510
-0.006560
-0.006990
0.000951
-0.003693
-0.010023
0.024528
-0.014767
-0.001463
-0.005110
-0.011310
0.002926
-0.002805
-0.003302
0.003907
-0.004431
-0.001881
0.003744
0.003533
-0.003471
0.005153
-0.007067
-0.009245
0.003107
0.000205
-0.005920
-0.004741
0.002402
0.001771
0.000419
0.010520
-0.006484
-0.002119
-0.006947
-0.016783
-0.000567
0.001721
0.005072
0.003714
-0.020426
-0.004733
0.004492
0.010181
-0.002975
0.001070
0.000257
0.014338
-0.005374
0.005730
0.009325
0.004376
0.002909
-0.000902
-0.021500
0.002582
0.012086
-0.011767
0.000890
0.007615
-0.012927
-0.016771
0.003294
-0.001612
0.009328
0.009123
-0.006666
0.002210
-0.010704
-0.015062
-0.030715
-0.008235
-0.007032
-0.003812
0.001979
0.004372
0.008378
-0.001275
0.000217
0.006372
-0.008198
-0.004990
-0.004392
-0.001783
0.017386
0.002928
-0.000309
-0.005740
-0.006697
0.000627
0.000343
0.001915
-0.000670
0.000512
0.013035
0.010883
-0.005738
0.003573
0.015978
-0.009408
-0.013138
-0.003839
0.011893
0.010452
0.018906
0.002854
-0.017758
0.000984
-0.007076
-0.009653
0.008406
-0.014522
-0.012280
-0.007370
0.001763
0.005389
0.012405
0.005328
-0.006333
-0.011344
0.011312
-0.016614
-0.002453
0.007324
-0.015164
-0.013652
0.011560
0.002384
-0.005922
-0.008620
-0.004344
0.027413
0.021452
-0.007961
0.012456
0.012194
-0.005574
-0.010654
0.017122
0.010474
0.001852
-0.002932
-0.012206
0.000774
0.016239
-0.004444
0.003108
0.010690
0.008484
0.003002
-0.001504
0.003666
-0.006139
-0.002691
-0.003362
0.008654
0.005213
0.000600
-0.008215
0.020938
0.006572
-0.008966
-0.011491
-0.012937
-0.009171
0.007312
0.003678
-0.004118
-0.004222
-0.008665
0.010211
-0.004432
0.028353
0.004253
0.020897
0.000238
-0.002824
-0.006099
-0.007196
-0.010526
-0.010157
0.003442
0.003063
0.003286
0.013058
0.006114
0.023975
-0.008539
0.008169
-0.003545
-0.004968
0.000240
0.011712
-0.001617
0.002524
0.003685
-0.006904
-0.001764
0.004065
0.008528
-0.003964
0.008348
-0.018309
0.000361
0.005406
0.008020
-0.007181
0.007008
0.012510
0.000528
0.010621
-0.004718
0.003250
0.006175
0.007145
0.011548
-0.000955
-0.013435
0.003868
0.000235
0.011672
-0.012172
0.016559
-0.005435
-0.019641
-0.006940
0.004034
0.004170
-0.008984
0.008230
-0.000734
0.003305
-0.002528
-0.011016
0.009097
-0.002107
-0.011751
-0.008427
0.008285
-0.025113
0.007425
-0.011942
-0.020141
0.006456
0.003498
-0.018229
0.012796
0.001285
-0.008253
-0.002201
-0.001843
0.004546
-0.001616
0.000943
0.001420
0.002554
0.006585
0.011095
0.007471
0.002070
-0.008770
-0.001042
-0.005053
-0.003622
-0.011332
0.000405
-0.029491
-0.008582
0.003137
-0.004971
0.000946
-0.006164
-0.002834
0.001223
-0.009206
0.015769
-0.009896
-0.001905
0.006457
0.011382
0.005008
-0.008481
-0.000498
-0.001600
-0.009405
-0.008154
0.003361
-0.010494
0.024330
0.006578
-0.019570
-0.003235
0.009092
-0.001490
-0.022035
-0.004572
0.020701
0.006992
0.006406
0.009167
-0.007089
0.008870
0.015898
-0.003015
0.006353
-0.001708
-0.004174
0.007984
-0.005147
-0.005528
0.012084
0.004523
0.012743
-0.004698
0.005200
-0.005082
-0.013063
-0.010219
-0.005695
-0.003248
0.005408
-0.012560
-0.002521
-0.006585
-0.005181
-0.000795
0.010944
-0.000287
-0.000975
-0.006336
-0.006340
0.003577
0.000112
0.017764
0.005402
-0.004930
0.003112
-0.005540
-0.003659
0.004501
-0.011190
-0.003799
0.001767
-0.001522
-0.003643
0.003704
0.005594
0.002626
-0.005531
0.016091
0.005344
0.013728
-0.007203
-0.008749
0.002108
0.000297
0.001209
-0.005396
-0.010645
-0.000085
-0.000090
-0.000615
0.006062
0.005422
-0.003512
-0.007229
0.012467
-0.008537
-0.001909
0.003005
0.000747
-0.003109
-0.005456
-0.004725
-0.000832
0.009162
-0.010509
0.010174
0.003376
0.020927
0.001728
0.004155
0.005814
-0.015510
-0.007169
0.007052
-0.003569
-0.004190
-0.018282
0.003974
0.002545
0.001173
-0.013389
0.035630
-0.008640
0.015966
-0.004497
-0.000721
-0.004098
0.006526
-0.008002
-0.016825
-0.023018
-0.005272
0.015883
-0.004039
-0.007412
-0.008632
-0.007085
-0.012219
-0.004021
-0.007968
-0.002559
0.011930
-0.009069
0.007110
0.009422
-0.015948
0.004936
0.011992
0.010741
0.000732
-0.000748
-0.010894
-0.006228
-0.003487
-0.002874
0.000419
-0.023362
0.002762
0.007982
0.000415
-0.003289
-0.001596
-0.009526
0.002330
-0.021250
0.001071
0.005222
0.000158
0.000022
-0.022227
-0.000275
0.010708
0.000464
-0.000111
0.009064
-0.019770
0.012765
0.002972
-0.004611
-0.017784
0.026709
-0.026620
-0.020953
0.003494
-0.006220
-0.002171
-0.008025
0.020323
0.006477
-0.003184
-0.002597
-0.003198
-0.003078
-0.003489
-0.008407
-0.024805
0.013857
0.002841
0.002085
-0.002455
-0.002334
-0.013789
0.012507
0.013104
0.011536
0.007776
-0.011672
0.003050
-0.009744
-0.004841
-0.002721
-0.010575
-0.011037
0.006977
-0.003875
-0.017510
0.006651
0.014322
-0.004018
-0.002883
0.001800
0.007607
0.003632
-0.003354
-0.004425
-0.016841
0.016363
-0.003714
0.011809
0.002010
-0.008134
0.005965
0.005892
-0.017655
-0.000547
0.009353
-0.009137
-0.000647
-0.001325
-0.001165
-0.001752
0.006114
0.008966
0.015261
-0.003908
-0.011729
0.004953
0.006655
-0.006394
-0.003887
0.001262
0.006742
0.003742
-0.011981
-0.007425
0.004415
-0.008957
0.002392
0.001689
-0.011446
-0.009921
-0.000413
0.006401
-0.013452
0.008772
-0.012501
0.008146
-0.003981
-0.007385
-0.010226
0.000587
-0.009562
-0.002555
0.001336
-0.002166
-0.011502
-0.000488
-0.006118
0.000294
0.012733
-0.010742
0.009754
-0.018819
-0.006942
0.001136
-0.012661
-0.002537
0.005689
-0.021189
-0.010394
0.028550
0.006123
0.008622
0.011453
0.000460
-0.005102
0.003794
0.011470
0.003607
-0.011439
-0.005953
-0.011769
0.014373
0.005061
-0.009889
0.015234
0.007859
0.018491
0.003873
0.012847
-0.007931
-0.005819
-0.002414
0.010038
-0.009673
-0.007613
0.001926
0.009687
0.007650
0.000840
-0.000323
-0.015302
-0.000154
-0.013176
0.021808
0.013266
0.011344
-0.005753
0.002024
-0.001617
-0.004332
-0.001666
-0.008289
-0.004610
0.003097
-0.013464
0.002877
0.001507
-0.007205
0.013392
0.005638
0.004832
0.012426
-0.003697
0.038367
-0.008432
0.014025
0.003365
0.006963
-0.000265
0.003894
-0.015778
-0.004738
0.009474
-0.005928
-0.001318
0.015047
0.001899
-0.006729
0.000566
0.005590
0.034546
-0.015991
-0.010702
-0.003188
-0.015393
0.006301
0.019964
-0.018204
-0.012229
-0.003463
-0.004917
-0.016476
0.005883
-0.004019
-0.016809
-0.007182
-0.002305
0.004058
0.004493
0.007649
0.001799
-0.002531
-0.005998
-0.009694
0.010945
-0.000983
-0.005784
-0.007866
0.000030
-0.003022
-0.000080
0.002084
-0.014452
-0.013054
-0.004429
0.002216
0.014218
-0.005403
0.019479
0.021238
0.009240
-0.010270
0.031646
0.015625
0.012496
-0.009275
-0.003728
0.017967
-0.000173
-0.009218
-0.000011
-0.007773
0.002302
0.010479
0.018635
0.008314
-0.001423
0.014540
0.005831
-0.008786
0.010253
0.010815
-0.003370
-0.003642
-0.006426
0.003850
-0.002833
0.003234
0.008545
-0.000565
0.010336
-0.000949
-0.002822
0.009742
-0.010238
-0.010900
-0.000687
-0.000903
0.016008
0.006178
-0.017007
0.006771
0.003410
-0.004558
-0.005704
-0.010580
-0.002272
0.000756
0.007241
0.005008
0.004675
-0.005061
0.005264
0.013889
0.010045
0.002906
0.004429
-0.013346
0.020963
-0.006174
-0.013889
0.006666
0.000275
0.002320
-0.010797
0.007798
-0.013142
-0.002221
0.015242
-0.004330
0.006801
-0.006289
-0.004196
0.003015
0.017056
-0.018899
-0.002308
0.002946
0.011274
-0.002921
-0.004593
0.021751
-0.017416
-0.007716
0.008642
0.007491
0.011709
-0.003945
-0.008517
-0.006175
0.003125
0.000437
-0.001068
-0.001186
-0.003356
-0.021762
0.029131
0.020241
0.026502
-0.000312
-0.021822
-0.018908
-0.008228
-0.001122
-0.003412
0.002631
0.004010
-0.008945
-0.000348
0.002943
-0.004833
-0.008234
-0.011172
0.005149
0.012822
0.001195
-0.002552
-0.002756
-0.006317
0.000485
0.009360
0.008900
-0.004819
0.005617
0.001007
-0.006617
0.005905
0.010128
-0.009456
-0.001158
-0.006055
-0.002105
0.008629
-0.025870
-0.009127
0.001357
-0.003112
-0.008236
-0.015983
-0.014581
0.010406
-0.013046
-0.018880
-0.014758
0.013311
0.008330
-0.004938
0.001406
0.001562
0.002412
0.008860
0.004609
-0.007712
0.009253
0.004477
-0.001110
0.013359
-0.004622
0.010627
0.002008
0.004164
-0.004320
-0.001810
0.002965
-0.001615
0.006386
-0.003628
-0.002022
-0.015931
-0.009101
0.008144
0.009348
-0.002431
0.001066
-0.001526
-0.007587
0.001083
-0.000871
-0.006640
-0.002800
-0.008372
-0.000451
0.003789
0.008779
-0.017833
0.010380
-0.002993
0.007529
0.007086
-0.011268
0.014581
-0.012350
-0.001678
0.002685
-0.010866
0.008539
-0.009172
0.002604
0.003484
-0.003189
-0.011021
-0.000753
0.006171
0.000577
-0.005880
0.003466
-0.006010
0.005729
-0.006373
-0.002962
-0.004677
-0.011381
-0.012052
0.015673
0.000258
0.017525
0.002733
0.004150
-0.017530
0.022341
0.001001
0.003912
0.003704
0.009507
0.015397
0.001900
0.009109
0.005127
-0.001940
-0.009521
0.000112
0.003651
0.009424
-0.003765
-0.019618
0.017730
0.011538
0.007761
0.001956
-0.001730
0.001701
-0.001287
-0.003681
0.008073
-0.011699
-0.010597
0.005446
0.012393
0.005864
0.011160
0.005857
-0.018748
-0.006983
-0.007803
0.005274
0.005018
0.011441
-0.000837
0.008234
-0.001816
-0.012107
-0.002674
-0.003038
-0.004516
-0.000358
-0.006276
0.005494
-0.006638
-0.003638
-0.001535
-0.003585
0.006069
-0.010377
0.020686
0.004421
-0.005722
-0.001238
0.015866
-0.002617
-0.007182
0.010042
-0.014281
-0.006930
-0.024586
-0.007658
0.015455
-0.009119
0.007201
0.009816
0.016250
-0.008073
-0.008219
-0.009940
0.008902
0.008352
-0.002300
-0.003297
0.005112
-0.001871
-0.020877
-0.009209
0.008400
0.009105
0.006801
-0.002437
0.006468
-0.014553
-0.001744
0.005864
0.012077
-0.010313
-0.004472
-0.004257
-0.001950
0.001522
0.001526
-0.002674
-0.010203
-0.003706
-0.006885
-0.002347
0.001061
-0.013757
0.018971
0.003878
-0.005683
-0.001804
-0.005551
0.001004
-0.007953
0.000852
-0.009492
0.017355
-0.006901
-0.000387
-0.002581
-0.005903
0.002564
-0.015654
-0.007044
-0.002034
-0.000498
0.004444
0.008149
0.014287
-0.012172
0.006127
-0.003977
-0.009885
-0.008010
0.008482
-0.003906
-0.005968
0.009956
-0.007112
-0.009403
-0.007509
-0.001855
0.003905
-0.009720
0.019835
-0.003289
0.000261
0.009522
-0.000476
0.006010
-0.000028
-0.006962
-0.010713
0.015657
-0.006968
-0.008598
0.010536
0.006384
-0.009418
-0.008052
-0.008394
-0.005196
-0.012868
-0.001222
-0.005526
-0.002135
-0.018670
-0.001592
0.008397
0.005401
0.007581
0.007261
-0.011141
-0.004199
0.006839
0.000981
-0.013521
-0.005021
0.007682
0.005675
-0.004809
-0.008198
0.003026
-0.019889
0.001040
-0.017868
0.014616
0.010254
-0.017244
0.002031
0.007306
0.000805
-0.000996
0.004853
0.004243
0.007643
-0.001429
0.000317
-0.005503
-0.001139
-0.004207
0.005002
-0.001220
0.005946
-0.003580
0.003448
-0.006465
0.012836
0.002209
0.001957
-0.005913
-0.014166
0.003400
-0.005975
0.003658
-0.004738
0.006465
-0.001309
-0.001273
-0.011819
0.011161
-0.005865
0.005008
0.006183
0.011942
0.003204
-0.015049
0.005155
0.001595
0.011787
0.009169
0.013546
0.002098
0.007428
-0.002116
0.001789
-0.011788
-0.000360
0.010604
0.013258
0.010908
0.009442
0.000353
0.002570
-0.003302
0.004071
0.011092
-0.008515
-0.011308
-0.002239
0.002354
-0.005227
-0.012824
0.006614
-0.011374
-0.025339
0.001444
0.003082
0.005870
-0.001812
0.002372
0.012781
0.003254
0.012756
0.003793
-0.002593
-0.006930
-0.003848
0.000081
0.010186
0.002643
0.001930
-0.001158
-0.018623
0.001958
-0.015813
0.007850
-0.002519
-0.003715
-0.004891
0.001671
0.007216
-0.011338
0.003566
-0.020458
-0.002189
-0.002165
-0.005099
-0.009113
0.011749
0.009148
-0.007910
-0.005186
-0.000064
-0.000053
-0.000795
0.001437
0.004349
0.001439
0.019623
-0.022825
-0.000461
-0.009359
-0.013628
0.000140
0.000729
-0.001242
0.003784
-0.007745
0.008223
0.005848
0.014368
-0.001774
-0.003985
-0.000387
0.000725
-0.003659
-0.000714
0.014295
0.001156
-0.019746
-0.016914
-0.038305
-0.009264
-0.012530
-0.003021
-0.006680
0.000984
0.008972
-0.008017
0.007227
-0.008979
0.005031
0.027783
0.004289
-0.016914
-0.002251
0.003767
0.005260
0.008616
0.010474
-0.002716
-0.012544
-0.000985
-0.000443
0.010118
-0.002627
0.001864
-0.000595
0.020211
-0.007775
-0.011854
-0.000799
-0.000266
0.013650
0.003613
0.009268
-0.009560
0.015280
0.013608
0.030065
0.007845
0.006298
-0.006536
0.016471
-0.008348
-0.011384
-0.015655
-0.011539
-0.003361
-0.001820
0.002022
0.003562
0.007102
-0.000298
-0.010076
0.014525
-0.010931
-0.015857
0.006364
0.003592
0.009758
0.009679
0.001040
0.006007
-0.012882
0.014198
0.002588
0.003740
-0.003848
0.018392
0.006232
0.005689
0.004709
0.000694
0.004584
0.022077
0.008107
-0.000537
0.006015
0.002087
-0.004224
-0.009712
0.009072
0.016339
0.005766
-0.002207
0.001095
0.001205
-0.013521
0.006842
-0.007604
-0.000180
0.012798
-0.000748
-0.016884
-0.002280
-0.018766
-0.031142
-0.002928
0.008566
-0.010823
-0.011650
-0.011339
-0.001263
0.019601
0.004716
0.007712
-0.004731
-0.006268
-0.001308
-0.017763
0.004219
0.007522
-0.005069
-0.001481
0.004691
0.011276
0.019680
0.010841
-0.002893
-0.008647
0.012576
-0.003034
0.000745
-0.020131
0.002074
-0.035507
0.006661
-0.002722
0.015017
0.010590
0.000167
-0.003554
-0.014925
0.006604
-0.000198
0.003624
-0.002137
0.009468
-0.007771
-0.008107
0.003222
0.010673
-0.006954
-0.011988
0.004499
-0.000573
-0.003067
-0.004010
0.012374
0.001242
0.005780
-0.001056
-0.010092
-0.010725
-0.003605
0.000801
0.006562
-0.005634
-0.008592
0.009415
-0.000268
-0.010883
-0.012676
0.012147
-0.007678
-0.006599
0.007482
0.000351
0.003642
-0.009716
0.026244
0.010887
0.000636
0.003450
-0.014090
0.014436
-0.000414
0.007537
0.012471
-0.010699
0.025061
-0.009309
0.012592
-0.002753
-0.004427
0.001461
-0.000575
-0.002585
0.004236
-0.003592
0.007456
0.009904
-0.005725
-0.005175
0.012868
-0.006368
-0.000811
-0.018305
0.017143
0.000007
0.004742
-0.019844
-0.003869
0.010512
0.007887
-0.000775
-0.005469
-0.002587
0.000025
-0.000632
0.007342
0.013580
-0.004032
-0.008782
-0.011336
0.024021
0.003084
0.002164
-0.012291
0.006948
0.001287
0.000859
0.004690
-0.003608
0.009445
-0.010180
-0.006478
0.002967
0.001860
0.000596
0.004770
0.001541
0.008414
0.007111
0.006875
-0.004436
0.004259
0.009667
-0.015749
-0.015944
0.000137
-0.001660
0.007761
0.002827
0.011553
0.002906
-0.008963
0.004558
-0.000183
-0.013061
0.007357
-0.004215
0.015862
0.004341
0.013745
-0.011209
0.000361
0.001186
-0.009588
0.001712
0.000968
0.007152
0.000138
0.002789
0.002440
-0.004213
-0.015566
-0.009006
-0.014889
0.012828
0.000070
-0.010879
0.001020
-0.004952
-0.000112
-0.004767
0.011857
-0.004814
-0.013028
-0.023008
-0.008026
-0.002898
0.003249
0.000422
0.007852
0.006154
0.007048
0.003347
-0.011207
-0.017174
0.006621
0.006797
-0.000113
0.012863
-0.003122
0.006927
0.005794
0.003970
0.010787
-0.011883
-0.000646
-0.005465
0.002675
-0.025035
-0.005783
-0.013851
0.012744
-0.002691
-0.004387
-0.020456
-0.011934
0.003528
-0.000032
-0.000371
0.016952
-0.002106
0.004227
-0.012038
-0.007564
0.000855
0.015014
-0.024119
-0.014145
0.011503
0.007399
0.003829
0.000499
0.003413
-0.018175
-0.008584
-0.002809
0.007327
-0.018990
0.006693
0.000643
0.006127
-0.016845
0.000446
-0.017938
0.005500
-0.008493
-0.001452
0.006098
0.004799
-0.003213
0.023877
0.013341
0.013274
0.027252
-0.024580
-0.016571
-0.005932
-0.001639
0.012630
0.015608
0.000241
0.015908
-0.005115
0.000847
-0.002561
-0.013524
0.006856
0.006367
-0.017007
0.002252
0.005399
-0.011942
-0.008280
-0.001254
-0.001793
0.019377
0.010565
-0.000226
0.010934
-0.002283
0.000490
0.013629
0.003334
-0.016365
0.001878
-0.013390
0.006260
-0.010880
0.003641
-0.018366
-0.015037
-0.000148
-0.008907
-0.005395
-0.004680
-0.000058
0.006051
0.004266
0.029354
-0.002304
0.001955
0.001937
0.007482
0.000499
0.007771
-0.007510
-0.009810
0.013130
0.006395
0.008217
0.002641
-0.004562
-0.011109
-0.006721
0.017929
0.001611
0.008736
-0.008104
-0.021851
-0.019748
0.011501
-0.002514
-0.001106
0.006196
0.010951
0.014655
-0.008851
-0.007306
0.006111
-0.007368
0.007125
-0.012259
0.000761
-0.006082
-0.001355
-0.000135
0.006551
0.009065
0.011084
-0.002669
-0.005073
-0.003173
-0.015748
-0.024498
-0.007981
0.008951
0.005545
-0.002444
0.001507
-0.003938
-0.010361
-0.001617
0.011982
0.004384
-0.014414
-0.000620
0.006465
0.006284
-0.006973
-0.007943
-0.001370
-0.001670
-0.003352
-0.011773
-0.001299
-0.013891
0.003512
-0.010839
0.000144
0.005919
0.004726
0.007247
0.012290
-0.002252
-0.005983
0.011523
-0.015625
0.014857
-0.009653
0.023851
0.016980
-0.013783
-0.006080
-0.004598
0.008128
-0.005588
0.011499
0.028374
-0.001357
0.012351
0.008201
-0.004419
0.013027
-0.009867
-0.009396
0.008256
-0.003246
0.003359
-0.002959
0.006560
0.036934
-0.014401
0.001893
-0.007580
-0.006078
0.002471
-0.002393
-0.004179
0.005390
0.007790
-0.009004
0.010876
-0.015957
0.009657
-0.005475
0.004596
-0.009735
0.002352
0.003374
-0.001446
0.000339
-0.001979
-0.010003
-0.005770
-0.005351
0.004641
0.000203
-0.007730
0.003256
0.013261
0.003489
0.025605
-0.001740
-0.012613
0.010796
-0.002828
0.003782
0.016421
0.004031
0.006319
-0.007570
-0.015082
-0.002915
0.004788
-0.000914
0.006524
-0.025180
-0.004769
0.005046
-0.004472
0.002856
-0.002757
-0.002208
-0.000996
-0.002905
-0.021364
0.004269
-0.005770
0.002273
-0.003435
-0.014568
-0.009556
0.010026
0.003887
0.008685
-0.002245
0.009511
-0.003454
-0.002331
-0.003486
-0.018843
0.006139
-0.007206
0.000341
-0.002241
-0.008168
-0.003588
-0.001087
0.009582
0.010802
0.005092
-0.003637
0.006429
0.010580
-0.010025
0.001960
0.002080
0.005547
-0.004009
-0.003015
0.007222
0.014828
-0.007786
-0.014313
0.005369
-0.009991
0.006750
0.013094
-0.001773
0.007067
0.003258
-0.003176
0.004843
-0.003439
-0.003060
0.001674
0.002074
0.005286
-0.006122
-0.014853
0.004448
0.003253
0.000426
-0.002144
-0.002609
-0.007337
0.000883
-0.005094
-0.002911
0.002921
-0.003604
0.024615
0.023703
-0.001112
-0.026824
-0.011391
-0.002484
-0.004632
-0.006733
-0.008439
0.000924
0.000237
0.004292
-0.009582
-0.000708
0.004171
0.019393
-0.002643
-0.023977
-0.000606
0.002446
0.015026
-0.001758
0.003366
-0.000087
0.009838
-0.006778
0.012974
-0.003986
-0.001220
0.001311
-0.005075
-0.020723
-0.012135
0.003110
0.008513
0.004924
0.006854
0.002921
-0.009498
-0.001686
0.009109
0.001454
-0.000500
0.009969
-0.007844
0.014014
-0.017361
-0.000669
0.014449
-0.003829
0.000958
-0.002311
0.002605
-0.001764
0.001709
0.024837
0.001972
-0.009722
-0.004322
-0.001968
0.000350
0.003777
0.002309
0.012168
-0.003344
0.005014
-0.000438
0.027123
-0.011531
-0.014965
0.012175
-0.000763
-0.001585
-0.003045
0.016389
-0.004745
0.012107
-0.028878
0.016416
0.006056
-0.003974
-0.005755
-0.005960
-0.011424
-0.008938
0.009900
-0.003095
0.000989
-0.000133
0.006505
-0.026741
-0.023377
-0.000132
-0.013910
0.002624
-0.015088
0.002582
-0.003649
0.004290
-0.002532
0.005902
0.004146
0.003014
0.001888
0.007848
0.004355
0.004378
0.000894
0.013298
0.013883
-0.003911
0.017062
-0.005843
0.032125
-0.008782
-0.007273
-0.010340
-0.009919
-0.003346
-0.002410
0.003939
-0.002903
0.005551
-0.003069
0.011492
-0.016134
0.002593
0.003150
0.008636
0.020079
-0.007143
0.005251
-0.000464
0.003031
-0.001499
0.013735
-0.006396
0.011353
-0.004290
-0.019673
0.008643
0.018481
-0.000053
0.006401
0.001909
-0.001082
-0.004573
-0.000947
-0.004258
-0.007605
0.025025
-0.012241
0.002802
0.011546
0.023628
0.018742
0.016088
-0.008348
-0.007765
0.003053
-0.004821
-0.001265
-0.002662
0.009052
0.011588
-0.003014
0.003067
-0.006726
0.009276
0.018660
-0.001397
0.006200
-0.003157
-0.008002
0.001966
0.002378
-0.000921
0.008199
-0.002969
-0.001232
-0.001575
-0.002856
0.005633
0.001247
-0.010436
0.002370
0.005636
0.008328
0.000696
0.000279
-0.003637
-0.001006
0.011986
-0.006616
-0.011110
0.000099
0.010819
-0.001003
-0.007751
0.001710
0.007153
-0.007471
0.018425
-0.002553
-0.006340
-0.000490
0.013145
-0.003938
-0.003997
-0.000378
-0.019878
0.007312
0.025548
-0.031808
0.003492
0.004987
0.002486
0.003385
-0.013551
0.005512
-0.004473
-0.008298
-0.000446
0.009891
0.009933
0.001407
-0.001108
-0.003495
-0.010938
0.013083
-0.002645
-0.005234
-0.016563
0.004374
-0.005743
-0.006074
0.006119
-0.002526
-0.007148
-0.015185
0.003404
-0.015771
-0.006721
-0.017946
0.007606
0.015936
0.008930
-0.003646
0.012135
-0.009446
0.001665
0.008917
0.000504
-0.006444
-0.001154
-0.014368
0.011371
-0.011050
-0.035443
0.018122
0.016477
0.004930
0.004962
0.010572
-0.005080
0.005934
-0.004672
0.002738
0.011997
0.009519
0.008222
0.005715
-0.006427
-0.010443
0.004738
0.007649
0.005323
-0.005111
-0.012633
-0.029209
0.021238
0.001772
-0.000253
-0.005778
-0.003604
-0.004198
0.000984
-0.016806
-0.002364
0.006742
0.016411
0.002376
0.000117
-0.000888
0.002592
-0.009292
0.001906
0.010880
0.011226
0.000953
-0.000860
0.001279
-0.019849
-0.000062
-0.000226
-0.007391
-0.005816
-0.009918
0.004454
0.008235
-0.008552
-0.004607
-0.007327
-0.004332
-0.019425
-0.010771
-0.002359
0.016101
-0.000020
-0.002949
0.008051
0.011756
0.003890
0.002452
-0.021170
-0.002450
0.017851
0.006320
0.005837
-0.011970
0.010719
0.007305
0.020815
0.018228
-0.002549
0.008659
-0.004277
0.004730
0.013172
0.013405
0.011790
0.008296
-0.000371
-0.004653
-0.013006
-0.016246
-0.010244
-0.001715
0.012709
-0.000843
-0.012235
0.001780
-0.003580
-0.001917
0.007869
-0.005002
-0.013547
0.008487
-0.000141
0.010014
-0.001718
-0.001133
-0.009145
0.004156
-0.026130
0.021593
-0.005712
-0.011747
0.012933
0.049350
0.016534
0.007253
-0.007369
0.005526
0.021230
0.009287
0.020942
0.002699
0.001507
0.007471
0.009165
-0.005491
0.013678
-0.003993
-0.006330
-0.011477
-0.021463
0.008249
-0.010300
-0.001240
-0.006159
0.004350
0.017552
0.000006
-0.015397
0.009111
-0.017719
-0.003142
-0.001800
0.001847
0.030079
0.042033
-0.028011
-0.042284
-0.012880
-0.007651
0.000261
-0.006171
0.001639
0.000053
-0.010634
-0.004169
-0.002067
-0.002497
0.005237
-0.001152
0.000653
-0.013335
0.002008
-0.004949
-0.003343
-0.001020
-0.007904
0.000378
0.007702
-0.002400
-0.000502
0.006309
-0.006794
0.004005
0.010582
0.004768
0.000608
-0.021364
-0.009217
0.000066
0.012805
-0.019626
-0.001955
0.001288
0.003348
0.004166
-0.012883
0.003097
-0.001917
0.018925
-0.005019
0.015212
0.001691
-0.005921
-0.007036
0.013984
-0.025157
-0.004380
0.016301
-0.003831
-0.015515
-0.004446
0.021821
-0.002325
0.019020
0.004454
0.008892
0.006158
-0.013445
-0.022591
-0.024073
-0.002819
0.000543
0.012129
0.014420
-0.005036
0.004410
-0.003733
0.017293
0.003784
0.004925
-0.005211
0.018924
0.010318
-0.003315
0.002706
0.003204
-0.000108
0.008663
0.000208
0.018064
-0.001148
-0.005064
0.001126
-0.002415
0.006169
-0.000129
0.004840
0.002195
0.001148
-0.014233
-0.004875
-0.004372
-0.012314
0.001594
0.002952
-0.001270
0.009241
0.013688
-0.000670
0.004342
-0.009818
-0.010080
-0.021192
0.002975
-0.008408
0.001496
0.012302
-0.005894
-0.003663
-0.015371
-0.008935
-0.002785
-0.012216
0.004700
-0.000489
-0.022776
-0.004788
-0.005321
0.000697
0.001548
-0.007263
0.009182
0.001972
0.006294
0.014589
0.003062
0.005366
-0.016481
-0.000384
-0.008623
0.000740
0.017988
0.005257
0.003140
-0.004765
0.006611
-0.015987
0.004293
0.000430
0.004181
-0.015112
-0.003655
-0.000691
-0.000881
-0.005762
-0.002531
0.002642
0.003818
-0.011944
0.003824
0.010665
0.002167
0.008634
-0.006044
-0.025436
-0.023077
0.008917
0.018644
0.011437
-0.002831
0.009092
0.003443
-0.006637
0.000600
0.007763
0.015321
0.008361
-0.003243
0.003123
0.003926
0.007346
0.026743
-0.011316
0.001809
0.008904
0.002634
0.003979
-0.006761
-0.001919
-0.000415
0.006801
0.001292
0.017465
-0.017684
-0.001040
-0.004385
-0.000828
0.001133
-0.016976
0.006609
0.006792
-0.001721
0.009343
-0.005913
-0.005374
0.008268
-0.012777
0.001909
-0.026897
0.007333
-0.007240
-0.013075
0.007534
0.002997
0.000922
-0.000612
-0.003135
-0.010142
0.008384
0.000529
-0.011667
-0.007583
0.003002
0.008512
-0.014851
0.005180
-0.003949
0.002308
0.025985
-0.010259
-0.018314
0.007604
-0.001283
0.007465
-0.002241
-0.007795
0.010566
0.010260
-0.009565
-0.002507
-0.004708
-0.012904
-0.011600
0.000321
0.012982
0.004886
-0.004240
0.001838
0.001004
-0.011293
0.009523
-0.002010
0.002123
-0.014849
-0.015093
0.007069
0.010665
-0.000163
0.012856
-0.012457
0.006955
-0.002302
-0.013445
0.020010
-0.006963
-0.008209
0.001357
-0.002060
-0.001788
-0.013748
0.014004
-0.004673
0.002467
0.002323
-0.012749
0.014840
-0.002194
0.015355
-0.015338
0.002860
0.003243
0.004083
-0.000733
-0.017528
0.008517
0.008135
0.016119
0.005083
-0.003100
-0.005571
-0.002109
0.010563
-0.008188
-0.007145
-0.015257
0.008062
0.016519
-0.007416
0.000831
0.001872
-0.004065
-0.009025
-0.005657
0.004686
-0.012828
-0.007107
-0.009860
-0.006907
-0.009481
0.007453
-0.017669
0.004217
0.017963
-0.012503
-0.002660
0.000322
0.019111
0.000873
-0.008594
-0.005861
0.006907
-0.001465
0.004568
-0.001116
0.009222
0.000558
-0.000696
0.008389
-0.002556
0.001408
-0.001815
0.020914
0.004329
0.012339
0.008331
-0.006593
0.012526
-0.002280
0.014583
-0.011004
0.016737
0.006413
-0.007700
0.007285
-0.003786
0.006167
-0.017856
0.002420
-0.005379
-0.000753
0.001336
-0.009490
0.002400
-0.018579
-0.010374
0.003767
-0.016991
0.001066
0.008525
0.001663
-0.012094
0.019189
-0.004137
0.032947
0.005148
0.002142
0.002604
0.001743
0.004435
0.007638
-0.003110
0.010433
0.015106
0.015105
0.011450
-0.003737
0.009051
-0.015165
0.002690
0.008998
-0.001147
-0.000529
0.005533
0.005365
-0.005659
-0.008207
-0.003288
0.007832
0.016969
-0.013965
-0.009557
0.001091
-0.023963
0.010071
0.007732
-0.023794
-0.003280
-0.009527
0.002046
-0.020520
-0.012954
-0.016242
0.004732
-0.003668
-0.007192
-0.009067
0.015494
-0.005750
0.004180
-0.002030
-0.008885
0.006004
0.002333
0.002457
-0.004846
0.000879
0.005592
0.011251
0.001433
-0.003748
-0.000860
-0.000939
-0.003505
-0.028451
-0.012559
-0.008415
-0.019774
-0.003232
0.008120
-0.007045
-0.000473
-0.006387
-0.002119
-0.016794
0.020914
-0.005382
0.013576
0.012074
-0.007915
0.007302
0.004347
-0.015219
-0.000163
-0.000264
-0.010875
-0.004402
0.007281
-0.001004
-0.001198
-0.001966
0.002311
-0.000074
0.009021
-0.007465
-0.003812
-0.002368
-0.003837
-0.009696
-0.007467
-0.001729
-0.005327
-0.014681
0.007823
0.004814
0.002023
0.002423
0.017175
-0.010786
0.033668
-0.011082
-0.024701
0.027943
-0.014193
0.016536
0.008740
-0.000019
-0.005976
0.009112
-0.003423
0.005406
0.012553
-0.003196
-0.006320
0.003761
-0.003717
0.004118
-0.002576
0.007571
-0.001599
-0.010238
-0.017938
-0.009572
-0.001854
0.002359
0.006431
0.021000
-0.000170
-0.016975
0.001419
-0.026109
-0.002385
0.006446
0.008414
-0.000586
0.016024
-0.009456
-0.018062
-0.000591
-0.003661
0.000862
-0.004591
-0.014619
-0.003406
-0.010357
0.007578
-0.002974
0.005813
0.004666
0.014008
-0.002697
0.003306
0.007981
-0.007357
0.006968
-0.009065
-0.001707
-0.011360
0.005894
0.008105
0.005730
-0.036552
0.007778
0.030422
0.005351
-0.019515
0.010384
0.001188
0.001443
-0.005488
0.003887
0.000821
-0.002878
-0.005087
0.014574
0.009025
0.012228
0.007678
0.008200
-0.001235
0.009481
0.005919
-0.004097
-0.001598
-0.003054
-0.003378
-0.014560
-0.002268
0.007069
0.004581
0.007623
-0.002748
-0.003833
0.004617
0.001083
0.004770
-0.012898
0.011050
-0.003816
0.010613
-0.002285
0.023705
-0.002182
0.001312
-0.003653
0.000700
-0.019799
0.007503
0.003441
0.014841
-0.008616
-0.004301
-0.014457
0.007238
0.000605
-0.013003
-0.001569
0.019272
0.014951
-0.002075
0.011236
-0.015257
0.005308
-0.001240
-0.002813
-0.004086
-0.010659
0.015473
0.000195
0.007696
0.007449
0.001674
-0.002389
-0.004285
-0.003179
-0.003109
-0.002864
0.005053
-0.010352
-0.022049
-0.003294
-0.016373
-0.006372
0.019671
-0.008354
-0.017267
0.021566
-0.003439
-0.004356
0.004181
-0.003376
0.014699
0.029187
-0.002028
-0.000459
-0.006411
-0.010971
0.001321
-0.003040
0.009332
0.002833
0.008486
0.010598
-0.005446
-0.008951
0.005451
-0.011582
-0.001708
0.001088
-0.008824
0.003794
0.002266
-0.009513
-0.002963
-0.000081
-0.004716
0.007182
0.013538
-0.003779
0.007393
-0.001478
-0.013926
0.000878
0.007964
-0.011610
-0.011073
0.006002
0.007082
-0.003287
-0.005068
0.008310
-0.006909
0.005923
0.003443
0.004540
0.005178
-0.006781
-0.004987
-0.009312
0.004059
0.004353
-0.002382
-0.008295
0.008183
-0.009219
0.007385
-0.005101
0.017116
-0.003784
-0.017088
-0.013272
0.007465
-0.026609
0.008418
0.022309
0.017568
-0.001752
0.011993
0.004613
0.001729
-0.007768
0.009363
-0.019474
-0.010930
0.005948
0.008073
-0.009230
0.005098
-0.010194
0.015257
-0.006939
-0.011127
0.009347
0.016005
0.017682
0.013375
-0.003329
0.007050
-0.001336
0.015063
-0.006673
-0.008871
0.016403
0.031973
-0.011588
0.003495
-0.008485
0.003323
-0.000404
-0.004359
0.008401
0.001198
0.017723
-0.007239
-0.011600
-0.005596
-0.009592
-0.007486
0.012354
0.005802
-0.006874
-0.005582
-0.001252
-0.004354
-0.007861
-0.002869
-0.007356
0.000507
-0.009654
-0.007040
-0.014026
-0.008145
0.028905
0.010961
0.002150
0.011619
0.008593
-0.013826
0.006363
0.000143
0.014607
-0.007988
0.002818
-0.009035
0.004196
0.004663
-0.008180
0.008675
-0.002518
0.008054
-0.009269
0.020648
-0.019711
0.014756
0.016802
0.003880
0.003522
0.017959
0.007612
-0.002989
-0.000323
0.005983
0.001545
-0.009506
0.010342
-0.026269
0.007655
-0.011965
0.005046
-0.000775
0.034776
-0.010205
0.017197
-0.000056
-0.008848
0.008035
0.004847
-0.016246
0.000611
0.021227
-0.007080
0.010575
-0.020418
-0.021132
-0.011348
0.007742
0.007185
0.002213
-0.011714
-0.001605
-0.043866
0.018388
-0.002032
-0.019274
0.003145
0.010065
-0.014270
0.003659
-0.007786
-0.003272
-0.007245
-0.002448
0.005223
-0.008816
-0.015008
-0.005008
0.003594
-0.020966
0.003547
-0.021590
0.016511
0.009708
-0.004393
0.008819
-0.012845
-0.007917
0.002854
0.018741
-0.016745
-0.004243
0.000572
-0.000781
0.006180
-0.003465
0.006274
-0.010524
0.006336
0.001111
0.018183
-0.005201
0.002484
0.013205
-0.009974
-0.000565
-0.008435
0.005340
-0.012937
0.008027
0.004108
0.002425
0.016929
-0.011644
-0.017612
0.002380
0.000516
0.001142
-0.024813
0.001533
0.016984
-0.007121
-0.007814
-0.008691
0.005393
-0.002289
0.018657
0.000564
-0.005094
0.004668
-0.007450
0.004841
0.000214
-0.001370
-0.012885
-0.003278
0.005239
-0.010196
-0.014555
-0.001163
0.017010
0.003689
0.012022
-0.009891
0.005645
0.007034
-0.004866
0.012612
0.004848
0.006563
-0.001970
0.026878
0.007497
-0.015931
0.000628
-0.001338
0.002562
0.002599
0.003064
-0.003284
0.014042
0.000511
-0.009207
-0.019090
0.011983
0.011017
-0.006049
0.004593
0.003414
-0.014968
-0.005387
-0.000242
0.000079
-0.016722
-0.002002
-0.021783
-0.012217
-0.013212
-0.006609
-0.004653
-0.005321
0.006087
-0.004912
-0.004076
-0.007237
0.001071
0.012044
0.018887
-0.007499
-0.002403
-0.002488
0.004899
-0.008680
0.004138
-0.001953
0.000097
-0.012236
-0.005769
0.001463
0.009080
-0.004497
0.000207
-0.009207
0.014485
-0.006572
-0.025802
0.009026
0.003497
0.010509
0.003516
0.008381
-0.002527
-0.014719
-0.001346
0.012978
0.008355
-0.000385
-0.000029
0.007281
-0.005527
-0.012035
0.002716
-0.000118
-0.006189
0.012134
0.000408
-0.009006
-0.001747
0.005446
0.003903
0.016553
-0.014841
-0.017066
-0.027092
0.012604
0.000857
-0.005263
0.004917
0.010251
0.005319
0.006160
-0.006439
0.006701
0.002241
0.006975
0.011179
-0.001996
0.012319
0.002137
0.008241
-0.000412
0.018007
0.010933
0.017561
0.002433
0.011718
-0.016511
-0.014061
-0.013519
0.005500
-0.006286
-0.003173
0.010544
-0.026123
-0.005342
0.004592
-0.015561
-0.010288
-0.002739
-0.006978
0.002093
0.005710
-0.001349
0.001038
-0.002991
0.005683
-0.003717
-0.010815
0.011150
-0.003673
-0.003957
0.004163
-0.006602
0.007285
0.021199
0.018051
0.002429
-0.007225
-0.002169
0.010733
0.017876
0.001683
-0.009792
0.007331
0.007022
0.006558
-0.001599
0.017137
0.008402
-0.002934
0.017826
-0.003348
-0.011101
-0.004113
0.003883
0.007119
-0.006937
0.017518
-0.001366
-0.019581
0.013822
-0.001185
-0.006427
0.011196
-0.008600
-0.003891
0.008142
0.006657
-0.010726
-0.004578
0.013829
-0.002317
-0.006677
-0.009467
-0.013316
0.005521
-0.007675
0.008990
0.021194
0.006886
-0.003285
-0.010596
-0.001789
0.004228
0.019014
0.003583
-0.014308
0.001548
-0.010154
-0.008934
0.004278
0.006943
0.004211
-0.001877
-0.006675
-0.001410
0.007163
-0.008129
-0.000496
0.000927
0.005503
0.026120
-0.014664
0.000009
0.006399
0.003014
0.002278
0.000536
0.005040
0.009678
-0.006448
0.001460
0.013033
0.009006
-0.010594
-0.011789
-0.013965
0.000611
-0.006128
0.012272
-0.026261
0.014722
0.017521
-0.013726
-0.011374
0.003243
0.010881
0.003998
0.009595
-0.006155
0.020492
0.007463
0.009424
0.001512
-0.005104
-0.009530
0.007085
-0.028081
-0.003380
-0.002548
-0.002805
0.000007
-0.013365
-0.000331
-0.007609
0.003848
0.011593
-0.001192
0.004522
0.002116
-0.001752
0.005916
-0.005966
0.004259
0.005490
0.019310
-0.007353
0.002087
-0.003371
-0.006173
0.002693
0.003612
-0.015506
-0.010344
-0.000353
0.007773
-0.007596
0.008242
0.002792
-0.005425
-0.012318
0.000072
0.009325
-0.004763
0.011538
-0.009583
0.011634
-0.016604
-0.006382
0.003577
0.003070
0.012601
0.009075
0.005072
-0.021819
0.004822
-0.002260
-0.009713
0.009338
0.011226
-0.000616
-0.003913
0.018301
0.003022
-0.007687
0.006006
0.000979
-0.006276
0.013542
0.006640
0.019045
-0.002986
0.002592
-0.008346
0.012264
-0.010258
-0.006260
-0.005465
0.007894
-0.000596
0.004378
0.006628
-0.001928
0.002177
-0.000505
-0.005451
-0.006439
0.003226
0.008281
-0.000896
-0.005629
0.020622
0.004162
0.006527
-0.002034
0.001509
0.006839
0.012317
-0.003448
-0.003196
-0.004783
0.015215
-0.000026
0.005435
0.018058
0.009914
0.013366
0.004886
-0.000820
-0.013274
0.000421
-0.006313
0.000400
0.002173
0.003334
-0.003762
0.003607
0.005999
0.000834
-0.005530
-0.007304
0.009121
0.009200
0.004621
0.002752
0.012553
-0.007589
-0.005236
0.007225
-0.007489
0.010319
-0.010039
0.012818
-0.004321
-0.004765
0.008917
0.005772
-0.014175
-0.002492
-0.014385
-0.004935
-0.008025
-0.009738
-0.011674
-0.002271
0.008068
-0.001651
-0.006993
0.012669
0.005538
0.002760
0.013132
0.002590
-0.005030
-0.018851
-0.010665
-0.004089
-0.008422
0.002555
0.003179
-0.007036
0.004805
-0.004167
-0.002429
-0.005272
-0.007989
-0.008716
-0.004412
0.015095
-0.014776
0.005811
-0.016158
0.011961
-0.012891
0.014150
0.006217
0.004025
-0.004210
0.001681
0.003226
-0.006004
0.004215
0.008177
-0.012473
0.008877
0.002483
0.021766
0.004067
-0.010484
0.003336
0.010472
-0.007221
0.007085
0.007987
-0.013137
0.001021
-0.011658
0.005741
0.004842
0.010000
0.002292
-0.019372
-0.007217
-0.002406
-0.007926
-0.010539
-0.009963
0.004728
-0.001838
0.004822
-0.001915
-0.006844
-0.001644
0.008915
0.003431
0.001934
-0.002378
0.000280
0.004362
0.002134
0.007927
0.000055
0.004704
0.002568
0.002323
-0.018273
-0.006531
-0.002943
0.009813
-0.008961
-0.002583
0.000989
0.013699
-0.027098
0.029485
0.022345
0.017659
0.011796
-0.004613
-0.007184
-0.007699
0.011560
-0.013409
-0.005308
0.015303
-0.001064
0.007708
-0.003900
0.001953
-0.003794
0.004692
-0.018108
-0.015052
0.022897
0.013844
0.005706
-0.002469
0.016236
-0.009107
-0.001960
0.000547
0.010460
0.011439
0.012067
-0.004626
-0.004294
0.012825
0.001958
-0.006560
0.003329
0.004951
-0.001360
0.000972
0.006731
0.014392
0.006155
0.009661
0.007172
-0.012860
0.004140
-0.003133
0.006274
-0.013858
0.001588
-0.004479
0.007368
0.002767
0.020247
0.004651
0.001094
-0.001181
0.011615
0.011874
-0.015245
0.010385
0.004264
0.024583
0.008289
-0.008405
-0.001987
0.005615
0.004380
-0.008463
0.010191
-0.000025
0.008438
0.002779
-0.008472
0.008137
-0.008784
-0.005583
0.009196
0.009690
0.013242
0.002791
-0.019908
-0.001670
0.011853
-0.001634
-0.004150
-0.016849
0.003803
-0.014524
-0.013821
-0.000921
0.008221
-0.011551
0.000741
-0.008086
0.005745
-0.010816
-0.007401
-0.005570
0.013129
-0.006677
-0.012574
0.018767
-0.006594
-0.003118
0.005523
-0.000028
-0.003306
0.003171
0.000257
0.009146
0.005488
-0.004477
-0.008170
-0.000996
-0.006735
0.000714
-0.010795
-0.002879
-0.004467
-0.023859
0.002271
-0.006406
0.001740
0.008182
-0.004061
-0.003472
0.003814
-0.006238
0.005345
0.004088
-0.012468
0.012908
0.011236
0.000894
-0.002160
-0.000440
0.000450
-0.012039
-0.010554
0.000706
0.000391
0.013156
0.012343
-0.000068
0.005600
0.006826
0.007279
0.009323
0.007069
-0.025274
-0.016334
0.004715
0.003619
0.010194
0.002331
-0.006719
-0.000228
0.013056
0.009401
0.002729
0.013727
0.018762
0.011379
-0.006721
-0.002898
-0.011661
-0.009731
0.015020
0.000926
0.016215
0.000763
-0.006867
0.004117
-0.004503
0.006779
-0.011741
0.000199
-0.011874
-0.006865
0.005293
-0.005812
0.006978
-0.018984
-0.008044
0.007218
-0.005824
0.006253
-0.004690
-0.012378
-0.008925
-0.011298
-0.009491
0.002737
0.012175
-0.002387
-0.014628
-0.002728
0.004884
0.006340
0.001168
0.004854
-0.002232
0.015429
0.000393
0.011270
-0.005680
0.003604
0.001962
-0.006346
-0.005558
0.018612
0.006185
0.006441
0.007016
-0.001398
-0.009894
0.025344
0.008955
-0.008379
-0.013054
0.016491
-0.004912
-0.001371
-0.001651
-0.002784
-0.000140
-0.009915
-0.010850
0.003605
-0.000399
0.011006
-0.010230
-0.007311
0.019481
-0.014058
-0.000708
-0.004682
-0.006270
-0.000559
-0.011689
-0.007162
-0.005198
-0.006005
0.018817
-0.002344
0.005661
0.025132
-0.003704
-0.001000
0.001342
-0.002662
0.002376
-0.005030
0.000716
0.006903
-0.012591
-0.001814
0.005913
-0.012455
0.013448
-0.014642
0.005875
0.002145
-0.002201
0.008442
-0.007348
0.007847
0.006465
-0.013488
-0.013693
0.000086
0.006173
-0.021775
-0.010342
0.012471
0.005601
-0.004435
0.008769
-0.012524
-0.013522
0.007288
-0.002467
0.012397
0.004179
0.010384
-0.019884
-0.012216
-0.007930
-0.003293
-0.005934
0.007774
0.006344
0.003934
0.000402
-0.002175
-0.007840
-0.005987
0.018931
0.013477
-0.004450
0.003453
-0.000484
0.004714
0.007112
0.004831
0.019256
0.023232
0.017972
-0.015455
0.004010
-0.018778
-0.019234
0.021383
-0.001785
0.002364
0.004315
-0.000798
0.007412
-0.009199
0.009667
0.014096
-0.005253
-0.004355
0.013460
0.009856
0.027258
-0.012392
-0.002182
0.020322
0.008873
-0.014378
-0.004124
0.000799
0.030774
-0.002831
0.012586
-0.014297
0.006397
-0.013083
-0.010046
-0.000873
-0.011783
-0.002444
-0.002567
-0.013524
-0.014737
-0.020445
0.017933
0.009257
-0.010242
0.006253
0.006780
-0.016968
0.004062
-0.014048
-0.009397
0.004437
0.001219
0.002686
-0.006759
0.013247
-0.020146
-0.001868
0.008069
-0.003762
0.015122
-0.000400
0.007658
0.011457
-0.009233
0.015365
-0.001414
-0.007787
0.001828
-0.006772
-0.019621
0.011720
-0.004569
-0.020383
0.010680
-0.016786
0.000942
-0.009679
-0.005845
-0.004270
0.002049
0.014872
-0.003302
0.023905
-0.002260
0.001812
0.003535
0.009156
-0.001348
0.006245
-0.005712
0.007968
-0.019229
-0.000478
-0.000615
0.005148
0.003974
-0.001698
-0.002772
-0.014378
-0.004894
-0.019844
-0.020646
-0.002529
-0.008885
0.004843
-0.001644
-0.000394
-0.009122
-0.001602
-0.002890
-0.002700
-0.013157
0.004917
-0.001353
-0.003560
-0.010277
-0.019037
0.003526
-0.013800
-0.007721
0.009579
-0.008555
0.001328
-0.002932
0.014079
-0.005727
0.000488
0.000903
-0.001012
0.005006
-0.013141
0.012293
-0.001786
-0.003369
0.007246
0.013209
-0.004060
0.001528
0.010299
0.004488
-0.004836
-0.016716
0.005668
0.019177
0.004228
0.003540
0.015202
0.010456
-0.012329
-0.017034
0.002483
0.007235
-0.020027
0.010940
0.007236
-0.002490
-0.000244
-0.008100
-0.005545
0.004567
0.009565
0.003325
0.013730
0.009234
-0.030096
0.007373
0.008990
-0.009202
-0.003860
-0.009813
-0.017189
-0.002235
-0.004945
0.010181
0.007398
0.031173
0.012168
-0.000166
0.000019
0.005656
-0.000602
0.000911
-0.012697
-0.004019
0.000250
-0.004721
0.014768
0.005729
-0.001797
0.007795
0.004475
-0.001927
0.011853
-0.017654
0.013017
0.014375
0.007530
0.006964
0.007955
0.007071
-0.006056
-0.008291
0.011888
-0.000621
0.009849
-0.000966
0.001023
0.014479
0.015760
-0.017612
-0.007095
-0.002974
-0.003867
0.001527
-0.018564
0.001093
0.002702
0.006393
-0.003858
0.010572
0.011358
0.013269
-0.003036
0.001824
-0.002462
0.003795
0.000710
0.007906
0.003273
-0.006581
0.009968
0.022318
-0.011648
0.004482
0.004474
0.003942
0.002063
-0.016103
0.001808
-0.000429
0.011846
0.003036
0.001807
-0.010321
0.012814
-0.001941
0.003885
-0.004604
0.019200
-0.000271
0.001372
0.006302
-0.004133
-0.010642
0.005816
-0.002836
0.005391
-0.004469
0.001746
-0.003689
-0.012509
0.005272
0.000541
0.004827
0.014933
0.002431
-0.001196
0.002879
0.005306
0.005256
-0.007970
0.004091
0.004145
-0.001646
-0.028085
0.019779
-0.000436
0.001628
0.001676
0.003966
-0.000576
-0.025438
-0.018795
-0.010211
0.009293
0.008112
-0.002974
0.008525
0.022780
0.008590
-0.002046
0.019326
0.003312
-0.010863
-0.007632
-0.011622
0.002350
-0.006385
0.005057
0.002327
0.007868
0.000378
0.010769
0.008295
0.013989
0.007246
0.000919
-0.008547
-0.012487
0.057002
-0.005006
0.019957
0.001212
-0.004864
-0.002421
-0.001292
-0.011410
0.001945
0.008395
-0.005493
0.004190
-0.008122
-0.009917
-0.004928
0.004469
0.000461
0.014031
0.002680
-0.013519
0.007151
-0.000827
0.017924
0.012732
-0.019620
-0.002313
0.005738
0.000979
0.003350
0.006106
0.006499
-0.011967
0.006516
0.013287
-0.003169
-0.010435
-0.004274
-0.001606
0.008253
0.005439
-0.006947
0.005331
-0.005845
-0.000664
0.004492
-0.008934
0.009787
-0.002674
-0.000957
-0.003307
0.026918
-0.000943
0.015492
-0.021229
-0.003913
0.009313
-0.000251
0.000450
0.004032
0.011674
-0.014373
0.003260
0.015699
-0.010625
-0.011128
0.000027
0.002774
-0.024886
0.002278
-0.001541
0.001518
0.007168
-0.004497
0.009339
-0.016629
-0.018398
0.006735
-0.007088
0.020003
0.009747
0.005437
-0.002674
-0.007837
-0.002657
-0.001717
0.005325
0.003340
-0.001780
-0.002673
-0.003605
0.008556
-0.006809
-0.001852
0.002061
-0.009666
-0.000275
0.003358
-0.003896
0.005985
-0.005144
-0.014855
0.008402
0.006831
-0.004630
0.016458
-0.019540
0.012754
0.001983
0.004012
0.003702
0.005845
-0.003042
-0.000734
-0.011281
0.002087
0.002105
-0.012692
-0.008536
0.003051
0.014203
0.026198
-0.016626
-0.033116
-0.029878
0.005340
-0.029159
0.001586
0.012403
-0.015782
0.002739
-0.002280
0.006720
0.004697
0.001078
0.015141
0.006753
-0.005101
0.010272
-0.018098
0.002001
-0.006511
-0.012466
0.028092
-0.007383
-0.008724
-0.002664
0.003125
-0.006880
-0.016483
-0.003103
0.009998
-0.023458
0.005572
0.019511
-0.002332
0.008955
0.002491
0.009145
0.009870
0.003368
-0.009853
-0.003556
-0.005410
0.008156
-0.020961
0.000230
0.002716
0.007494
0.012023
-0.003534
0.001454
0.004685
0.001947
0.015791
-0.007317
0.021286
0.000502
0.000624
-0.004366
-0.004393
0.010500
0.000972
-0.002308
-0.000237
0.000738
0.025631
-0.010299
0.023684
0.012651
0.011870
0.000285
0.014216
0.021396
-0.006998
-0.006651
-0.003085
0.007104
0.008183
-0.006481
-0.006427
-0.003725
-0.000156
0.006618
-0.009016
-0.003653
0.007878
-0.007340
0.025011
0.018790
0.005942
-0.019673
0.003353
-0.012891
-0.024841
-0.008594
-0.008558
-0.004993
0.006754
0.000648
0.004869
0.002640
0.001865
-0.000469
0.007714
0.007088
-0.010086
-0.000113
-0.007137
-0.002357
0.001524
-0.007378
-0.026669
0.020549
-0.000936
0.000310
-0.000558
-0.010928
-0.032319
0.002550
-0.003857
-0.007840
0.003252
0.003503
-0.004315
0.002860
0.017624
0.011495
0.024808
0.001801
-0.003740
-0.005109
-0.017096
-0.012615
0.003292
0.006496
0.000990
-0.012644
0.002072
-0.012621
0.005262
-0.012057
-0.004981
0.012059
-0.010875
0.001160
0.007962
-0.005070
0.004050
-0.020324
0.006972
-0.014731
0.012178
-0.025931
-0.001156
-0.008105
-0.003657
0.010617
0.011236
0.001552
-0.006211
0.001293
0.010086
0.000050
0.000677
0.006568
-0.011024
-0.001402
0.004103
-0.011856
0.006949
-0.003664
-0.003772
-0.005352
-0.001620
0.005786
0.008177
0.024040
0.018682
0.002281
0.014069
0.006782
0.004083
0.007803
0.001898
-0.009870
0.002962
-0.007621
0.014094
-0.000391
-0.002599
-0.001121
-0.008008
0.001325
0.001776
0.005334
-0.005581
-0.003818
-0.011063
0.010581
0.010571
-0.005099
0.002531
0.012727
0.005938
-0.004966
-0.001922
-0.008759
0.000319
-0.002289
-0.003208
-0.001158
-0.016090
0.000173
-0.007607
0.004107
-0.000381
0.014741
0.009557
0.021429
-0.000692
0.004970
-0.009656
-0.001294
0.012008
0.004441
0.014234
0.004839
-0.007693
-0.001641
0.005762
-0.008312
0.010587
0.007159
0.005898
-0.005012
0.012304
-0.004598
-0.011120
-0.024870
-0.004802
-0.005750
-0.003870
-0.007337
0.013154
0.007089
0.003948
0.011232
0.011236
0.004743
-0.001435
-0.001787
0.006121
-0.007181
-0.015490
-0.002875
0.002270
0.004076
-0.007288
-0.010294
0.002939
0.000577
-0.003023
-0.004801
0.005479
-0.000864
-0.025819
-0.002769
-0.001077
0.006171
0.003079
-0.016439
0.010519
-0.001934
-0.012714
0.004552
-0.003447
0.023041
-0.005530
0.001114
0.003566
-0.006441
-0.009928
-0.015704
-0.003034
0.006733
0.002347
-0.006792
-0.004872
0.010363
0.013207
0.004519
-0.005850
-0.012042
-0.017587
0.014569
-0.006735
0.001017
-0.008608
-0.005926
0.007177
-0.004217
0.006688
-0.012497
-0.004570
-0.001421
-0.008296
0.001144
-0.010662
-0.003475
0.008188
0.010686
0.004946
-0.003018
0.003697
0.003755
-0.012386
-0.018507
0.009310
-0.009471
0.002443
-0.011799
-0.012431
0.011558
0.001835
-0.000569
0.000894
-0.002490
-0.008198
0.004680
0.005386
0.001101
0.011336
-0.011951
0.010616
-0.001736
0.001693
0.009286
-0.005286
-0.000323
0.003173
0.009845
0.000249
-0.006729
0.008348
-0.000719
0.012031
-0.014874
-0.010181
-0.005361
0.014813
-0.003088
-0.005614
0.003420
0.002226
0.007074
0.007647
-0.000865
-0.001702
-0.007860
-0.012926
-0.014204
-0.003290
0.006116
0.004764
0.005683
-0.014740
-0.005247
-0.006770
0.010550
-0.001732
0.008095
-0.000628
-0.001417
-0.006695
0.002042
0.012843
-0.001844
-0.000778
0.014683
-0.011598
-0.022123
-0.027707
-0.008484
-0.018619
-0.012720
-0.002553
0.006034
0.000648
-0.006505
-0.010460
0.010326
0.013440
-0.005618
-0.004537
0.004491
0.002864
0.003285
0.007222
0.000960
-0.003923
0.012662
0.002255
0.001422
0.005053
0.004067
-0.010894
-0.015684
0.011402
-0.002705
0.007219
0.005260
-0.008511
-0.009805
0.013223
-0.012588
0.009921
0.003994
0.001807
0.018399
0.013570
-0.030805
-0.000960
0.012533
-0.012700
-0.001592
0.000075
0.001162
0.009672
0.003770
0.000577
-0.004790
-0.001343
-0.008374
0.003930
0.004417
0.005723
-0.004562
0.006669
-0.000966
-0.006645
-0.014997
-0.001843
-0.000941
0.003626
-0.007970
0.007924
0.008270
0.010568
0.015835
0.012071
-0.004299
0.014552
-0.003599
-0.000729
0.000787
0.017576
-0.001085
0.014416
-0.018698
0.006726
0.012927
-0.000540
0.006875
-0.008231
0.005999
-0.000862
0.003479
-0.002955
0.004866
0.016113
0.017432
0.002270
-0.005600
-0.003869
0.000610
0.018937
-0.007568
-0.004010
-0.003070
0.008211
-0.020585
-0.024908
0.003638
0.005926
0.002374
-0.002546
-0.003214
-0.005142
0.004209
-0.000532
0.002676
0.010000
0.016257
0.011276
-0.005448
0.010529
-0.001260
0.000421
-0.014467
0.003122
-0.009405
-0.007399
-0.001894
0.009641
-0.006817
-0.024767
-0.002072
0.005647
0.013264
-0.006484
-0.001901
-0.005873
0.014412
0.000640
-0.004321
0.000466
-0.001657
-0.002710
-0.003165
0.004051
0.003369
0.005090
-0.012824
0.002996
0.000302
-0.000778
-0.005118
0.015302
-0.009105
0.003806
-0.005773
0.011630
0.018017
0.015083
-0.011883
0.021265
0.006224
0.006008
-0.004567
-0.005682
-0.004395
0.002150
0.012452
-0.001092
-0.002564
-0.000159
-0.000093
-0.004336
-0.009704
-0.001120
-0.013418
-0.008998
0.005316
0.000425
0.001399
-0.009784
-0.003602
0.017011
-0.009977
-0.010637
-0.002772
0.009404
-0.008849
0.005597
-0.002758
0.007044
0.002447
-0.010494
0.007523
-0.006439
0.007376
-0.001849
-0.004167
-0.008596
-0.006286
0.011593
-0.001392
0.000594
0.000090
-0.000964
-0.009077
0.008657
0.043537
-0.035472
-0.004327
-0.005258
0.009478
-0.008234
-0.011760
-0.018471
-0.006558
0.004026
0.018153
0.008615
0.010600
0.013384
-0.005036
0.003313
0.002407
0.009922
-0.008537
0.007455
0.003511
-0.003056
-0.001417
-0.007069
-0.003401
-0.020516
-0.001639
0.007380
-0.004789
0.008499
-0.002562
0.007887
0.015228
-0.010991
-0.010068
-0.008221
0.019971
0.006260
0.006423
0.001800
-0.004005
0.006166
0.004970
-0.015491
0.010932
0.003888
0.000722
-0.001037
0.021491
-0.007525
-0.002519
0.005497
0.004551
-0.008543
-0.015078
0.000057
-0.001123
0.001154
-0.008196
0.000586
-0.012210
0.002041
-0.007939
0.001178
0.016613
0.015904
-0.000975
0.011363
0.003039
-0.006052
0.017216
0.012397
0.000824
0.009086
0.001624
-0.003841
-0.000992
-0.003706
-0.009982
0.000972
0.010134
0.007078
-0.004963
-0.000729
0.002010
-0.004146
0.019684
-0.006882
0.004094
-0.001918
-0.011815
-0.006915
-0.013259
0.004796
-0.007435
-0.006369
0.003950
-0.000805
0.026210
-0.003898
-0.000271
0.011053
0.007987
0.003402
0.002573
0.007535
0.005412
-0.001635
0.000251
-0.000211
-0.012594
0.007205
-0.010568
-0.012505
0.002774
-0.007564
-0.006195
0.014690
-0.009152
-0.003005
-0.008871
-0.008129
-0.003820
-0.015513
0.004062
0.008012
-0.010351
-0.016965
0.005719
-0.001733
0.007973
0.012728
-0.014887
-0.018805
-0.008069
-0.007565
0.029219
-0.002999
-0.008680
-0.006839
-0.006869
0.006105
0.000486
-0.007650
0.003941
-0.007271
-0.004186
0.010544
-0.001829
0.006482
-0.009363
0.005592
-0.007834
0.004327
-0.001457
-0.006076
-0.008173
-0.008416
-0.007726
-0.000750
0.006224
-0.023099
0.001486
0.003529
0.003245
0.008236
-0.010078
0.000863
-0.000698
-0.012838
-0.018627
0.006653
0.004343
-0.013784
0.005782
-0.001836
0.017990
0.003537
-0.001848
-0.001857
0.011991
-0.018519
0.010895
0.025671
-0.010352
0.022329
-0.001190
0.006806
-0.001863
0.012497
-0.000514
0.011942
-0.026862
-0.003717
-0.017295
0.010399
0.004689
0.004046
-0.001981
-0.002165
0.009944
-0.004979
-0.000359
-0.020472
-0.003527
-0.017098
-0.020456
-0.001632
-0.007043
-0.027261
-0.001226
0.032434
0.016891
0.008728
0.004632
0.007989
0.001393
-0.010376
0.002670
-0.001676
-0.003987
0.009312
0.008831
0.007033
0.002216
-0.006319
-0.003462
0.000232
-0.002442
-0.000913
-0.036218
0.008069
-0.002629
-0.001032
-0.008919
-0.016226
0.009154
-0.004697
-0.006542
-0.001586
-0.000167
0.004406
0.001334
-0.009676
-0.000802
0.000872
0.014849
0.019722
-0.002220
-0.000137
0.015864
-0.025292
0.040319
0.005283
0.024655
-0.007911
-0.001820
0.002850
0.008147
0.010112
-0.002991
-0.001691
-0.003474
-0.002122
-0.005943
0.015248
0.009828
0.006401
-0.008328
-0.005657
0.001270
-0.001526
-0.004241
0.000095
0.010114
0.011964
0.017096
-0.013644
0.007537
0.019410
0.003057
0.005754
0.001388
-0.005770
-0.001930
0.008272
0.002476
0.005106
-0.002454
-0.006637
-0.002372
0.000051
0.011166
0.004421
0.003828
0.008973
0.003907
-0.007122
-0.006788
-0.004063
-0.015957
0.005628
-0.004000
-0.004771
0.013194
-0.000212
-0.001331
0.006936
0.013853
0.009329
0.008893
0.007989
-0.007533
0.000147
0.005029
0.003855
-0.004641
0.005416
0.003059
-0.007685
0.005492
0.006897
0.000035
-0.025887
0.008007
-0.019524
-0.001338
-0.003713
0.007434
0.016432
0.012556
-0.013612
-0.000719
0.012132
0.001452
0.005931
0.000888
-0.006690
-0.000604
-0.011669
-0.007287
-0.011568
0.000152
0.004104
-0.003521
-0.012447
-0.002167
-0.017255
0.009279
-0.003583
0.020844
-0.021171
0.004537
-0.016470
0.014573
0.004551
0.001799
0.007638
-0.004695
0.006992
0.005605
0.017246
0.014960
-0.003490
0.013164
0.009601
-0.005905
-0.007591
0.001446
-0.013319
-0.002248
-0.006461
-0.026787
-0.011254
0.020326
-0.005886
-0.007367
0.005924
-0.012419
0.008909
0.005080
0.009204
-0.000422
0.008080
-0.000850
0.006156
0.008884
-0.006956
-0.006697
0.008613
-0.006907
-0.005181
-0.003854
0.007653
-0.001559
-0.003507
0.003198
-0.001312
-0.005354
0.009224
-0.003262
-0.005796
-0.001565
-0.000042
0.002154
-0.003819
0.000287
-0.009037
0.002459
-0.010076
0.005445
-0.005253
-0.000866
-0.001385
0.014371
0.007091
0.007014
-0.002896
-0.006375
0.003884
-0.007785
0.001919
0.013831
0.000233
-0.001896
0.003256
0.004063
0.005265
0.003973
0.000748
-0.002022
-0.010052
0.001289
-0.007920
0.006236
-0.016177
0.007479
-0.005391
0.008233
-0.009917
0.013807
-0.003102
-0.000123
-0.001976
-0.010517
-0.000294
-0.008558
0.005358
0.017416
-0.007241
-0.002302
0.018405
0.002129
0.008141
-0.009868
0.001000
-0.000361
-0.002461
-0.001972
-0.022062
-0.012209
0.014239
0.002274
-0.015671
-0.006897
0.003393
0.007918
0.006167
-0.002392
0.001782
0.010341
0.000673
0.004207
0.019773
-0.012869
0.007439
-0.003079
-0.012602
-0.002400
-0.003230
0.003905
-0.011456
-0.013109
-0.012752
0.008979
-0.013944
0.003336
0.008481
0.002927
-0.012471
-0.005897
0.007272
-0.007200
-0.009100
0.016352
-0.008927
0.003244
-0.007829
0.005406
-0.005577
-0.023527
-0.010390
0.001781
-0.006209
-0.001309
-0.001522
-0.016047
-0.017079
0.016640
-0.019891
0.028140
0.024246
0.006717
-0.009503
0.010604
-0.014228
0.003167
0.013004
-0.000928
-0.002199
0.007137
0.006530
-0.002917
0.001878
0.005297
0.003201
-0.004044
0.007535
0.001454
-0.001059
0.008137
0.007459
0.029057
-0.025890
-0.001540
0.005226
-0.016696
0.006942
0.004418
0.001926
0.006414
0.002406
-0.014546
0.010515
0.001981
-0.011877
0.005124
-0.008775
0.013661
-0.002408
0.002048
0.007230
0.007344
0.005397
-0.000740
0.007621
0.009988
-0.005196
-0.004391
-0.005408
-0.002408
-0.008846
-0.019568
0.003327
0.001351
-0.008397
0.006031
-0.012028
-0.005015
0.016109
0.017479
-0.004381
-0.011650
0.012466
-0.001942
-0.001648
-0.010302
0.003945
-0.004240
0.000711
0.012551
0.005210
0.001820
-0.002059
0.005789
-0.006881
-0.004834
-0.007909
-0.007272
0.015834
-0.002318
-0.001405
0.015946
-0.001427
0.014710
-0.015661
0.001120
0.019697
-0.009469
0.004452
0.006856
0.004224
-0.000012
0.018748
0.001469
0.000632
0.008118
0.015473
0.006177
-0.011262
0.005488
0.000906
-0.007120
-0.000913
0.001426
-0.003262
0.000342
-0.007454
0.007053
-0.005197
-0.013553
-0.020002
0.043803
0.003613
-0.006646
-0.006834
0.007571
-0.007016
0.007640
0.002989
0.003803
-0.009653
0.011543
-0.012451
0.002455
0.004370
-0.004593
-0.008365
-0.014266
0.006587
0.031434
-0.021449
0.028482
0.004401
-0.005072
0.001220
-0.019169
-0.004012
-0.011724
0.010629
0.004839
0.005807
0.007799
-0.000615
0.011631
0.023742
0.022903
0.000266
-0.005019
0.005721
-0.005414
-0.011597
0.015548
-0.013800
-0.005649
0.008244
0.014337
0.000947
-0.002041
0.001368
-0.006374
-0.003389
0.012276
-0.004237
0.002297
0.014078
-0.003182
0.000625
0.004346
0.005630
-0.011387
-0.007469
0.005125
-0.009648
-0.009427
-0.015545
0.004416
0.004447
0.003892
-0.006300
-0.000335
0.010699
0.006132
0.009312
-0.011422
-0.000829
-0.003168
-0.008505
-0.009509
-0.012173
-0.016309
-0.019111
-0.002151
0.003573
-0.009059
0.001697
-0.001634
0.002427
-0.006662
-0.003977
-0.001836
-0.002245
0.010967
0.000578
0.006862
-0.005572
0.004391
-0.006546
-0.013591
0.015378
-0.002621
-0.009898
0.012560
0.013452
0.003939
0.009202
0.001179
-0.001645
-0.002934
-0.007996
0.004471
-0.001552
0.000349
0.003275
-0.000505
0.006201
0.005164
-0.010795
-0.001949
0.003721
-0.000579
-0.009291
-0.000365
-0.004797
-0.005287
-0.008761
-0.007162
0.007001
-0.004178
0.000463
0.014188
0.008205
0.002372
-0.004391
0.007382
-0.027983
-0.004482
0.010023
0.001806
0.010012
-0.016052
-0.000271
0.025705
0.018657
0.005365
-0.005664
0.009635
-0.003962
0.008002
0.006362
-0.033612
0.011410
-0.011306
0.010248
-0.000770
0.003503
-0.003343
-0.000725
0.003661
0.004987
0.003190
0.009173
-0.019564
0.016735
0.000864
0.009013
0.003420
0.003558
-0.004167
-0.005332
-0.001669
-0.000800
0.011767
0.002573
-0.006938
0.001802
-0.001917
-0.005418
0.013107
0.011341
0.001938
0.004922
0.011316
0.013121
-0.009063
0.011008
-0.016172
0.000355
0.004112
-0.001746
0.002634
-0.014037
0.007205
0.010617
-0.003454
0.005305
-0.005996
0.006226
0.001691
0.013323
-0.014060
-0.008281
-0.003908
0.006730
-0.019854
0.005265
0.014078
0.017337
0.006279
0.007611
-0.013242
0.005592
0.002361
0.004354
0.019169
-0.010086
-0.000510
0.003214
0.008850
-0.009556
0.010634
0.013540
-0.004007
0.000044
-0.006462
-0.021567
-0.007332
0.004420
0.001932
-0.003373
-0.012768
-0.001232
-0.003304
-0.009272
-0.018859
0.001336
0.006666
-0.000177
-0.010627
0.000044
0.008712
-0.019755
-0.021437
0.006911
0.007319
-0.005372
-0.002544
0.013030
-0.002516
0.002191
0.012736
-0.004059
-0.000649
-0.000139
-0.008021
-0.020090
-0.007319
-0.001406
0.007211
0.000577
0.007889
-0.012486
0.008380
0.011852
0.009990
0.000866
0.014269
0.003818
0.003206
0.012124
0.004607
0.003401
0.005027
-0.014906
-0.000775
0.000972
-0.013934
-0.007011
0.001834
-0.013416
0.017994
0.003191
0.004694
0.007685
-0.010134
-0.000004
0.009556
0.008080
0.000347
-0.010369
0.004812
0.006318
-0.014179
-0.013228
-0.007865
-0.003152
0.001616
0.004042
-0.000120
0.014723
-0.015940
0.009279
0.007201
-0.008008
0.002549
-0.005398
0.012023
0.007978
-0.003042
0.009009
-0.007444
0.004190
-0.001351
0.005909
-0.028080
-0.012170
-0.004839
0.008203
0.006516
0.002023
-0.008636
0.009000
0.004756
-0.005046
-0.013192
0.010175
0.005178
-0.006826
-0.001797
0.007976
-0.001925
-0.016860
0.011046
-0.001385
-0.000175
0.004809
0.001749
0.011955
0.000363
-0.034023
0.019345
0.016825
0.002594
-0.004593
-0.005017
-0.012225
0.018016
-0.016553
0.004630
-0.007262
-0.011595
0.008102
-0.017460
0.007410
0.006619
-0.003805
-0.004943
0.003708
-0.004160
0.006232
-0.001545
0.031142
0.001886
0.004325
0.006718
-0.003072
-0.001484
-0.007657
-0.009056
-0.003849
-0.005114
-0.001266
-0.012607
-0.003235
-0.003032
0.003055
-0.001408
-0.004135
0.008108
-0.004857
0.003621
-0.015688
-0.012466
0.005070
0.000416
-0.006074
-0.011265
0.017634
0.003631
0.006582
-0.009731
0.000932
0.000471
-0.009742
-0.000017
0.002178
-0.011824
-0.009899
0.010201
-0.001349
0.010149
0.009646
0.012014
0.015878
0.003602
-0.003180
0.019175
-0.002323
-0.006479
-0.013918
0.000247
-0.002370
0.000237
-0.002239
-0.003712
0.000007
0.006509
0.002290
-0.017308
0.008564
-0.016196
-0.012885
-0.008247
-0.001334
-0.008785
0.001102
-0.008942
0.006766
-0.006619
-0.017171
-0.011562
-0.006957
0.000020
0.001915
-0.013401
-0.001271
0.009832
0.005558
-0.003859
-0.006264
-0.005687
-0.009640
-0.014433
-0.005682
-0.000177
0.007213
0.011141
0.004103
-0.002442
0.014966
-0.004600
-0.000913
-0.018977
-0.014761
-0.004375
-0.000387
0.005993
-0.001366
0.008002
-0.012909
0.005513
-0.020570
-0.008072
0.007473
0.008414
-0.009841
0.002181
0.004518
0.013074
0.012903
-0.008213
-0.013420
0.004915
-0.005757
-0.002285
0.008513
0.001846
0.013045
0.010343
0.004051
-0.001331
-0.016784
0.008350
-0.008188
0.008418
0.004234
0.019436
-0.001892
-0.007920
-0.009575
0.007495
-0.006942
0.015585
0.007563
0.008938
-0.001580
-0.005162
-0.014740
-0.018046
-0.001068
0.013749
-0.019942
-0.017714
0.002708
-0.008004
-0.003672
0.015324
-0.007329
0.002854
-0.020945
0.000712
-0.010212
-0.002018
0.001778
-0.000507
-0.003748
0.002262
0.000792
0.019348
-0.009147
-0.001004
0.016101
0.014061
-0.007963
0.007137
-0.010525
0.004784
0.005904
-0.000987
-0.008151
-0.007446
0.003993
0.007689
0.002616
-0.002279
0.009492
-0.018090
-0.008289
0.001064
0.005746
-0.009571
0.007100
-0.005445
0.004412
-0.006498
-0.008465
0.004172
-0.004831
0.008710
0.010668
-0.013234
0.000453
0.019026
-0.000556
-0.015525
-0.009257
-0.017687
-0.019552
0.030578
-0.011899
0.003180
-0.008310
-0.004400
0.009495
-0.003219
-0.013642
0.025420
0.002476
0.007955
-0.014659
0.008843
0.032240
-0.007101
0.001378
-0.008333
-0.004484
0.009673
0.010078
-0.013745
0.000583
0.010028
-0.009536
-0.002001
-0.001104
0.007143
-0.001607
-0.004983
0.008365
0.007254
-0.016780
0.001903
0.008882
-0.003245
-0.009779
-0.007837
0.004340
-0.004088
0.003055
0.016678
0.005486
0.011607
0.010788
-0.007401
-0.009260
-0.002481
-0.005093
-0.015046
-0.002850
-0.019211
-0.005848
0.007892
-0.002605
-0.005524
-0.003251
-0.007378
-0.014175
0.016804
-0.012331
-0.022149
-0.007041
0.003018
-0.000808
-0.000737
-0.006528
0.001970
-0.004526
-0.002384
0.008680
-0.020107
-0.006429
0.007167
-0.013842
0.018694
0.004981
-0.004915
-0.006685
-0.005389
-0.007404
0.002710
-0.015621
-0.005866
0.002888
0.006037
-0.001624
0.000397
0.014857
0.018811
-0.017506
-0.005488
-0.004766
-0.000074
-0.021416
0.003112
-0.007886
-0.004173
0.002506
-0.004031
0.003822
-0.001820
-0.003124
-0.030957
-0.004087
0.022185
-0.011392
-0.004050
-0.020982
-0.017474
0.015959
0.009237
0.001698
0.012105
-0.007580
-0.007186
0.000715
-0.001120
0.008271
-0.002987
-0.008877
-0.007522
0.006598
0.011407
-0.012861
-0.005803
-0.004399
-0.010777
-0.028920
-0.009260
-0.001047
0.007005
0.006511
0.000873
0.007657
0.006849
0.008365
-0.003484
0.002389
-0.013918
-0.024320
-0.026902
-0.024977
0.000140
0.012558
0.008226
0.013008
0.001459
-0.008874
-0.013012
-0.014673
-0.000242
0.026578
-0.010999
0.009268
-0.007816
-0.000114
0.026413
-0.007310
-0.000387
-0.008732
0.008258
0.000002
0.014397
-0.015273
0.009621
-0.003089
-0.009129
0.016688
0.003797
0.007046
-0.016189
-0.001134
0.017542
-0.013099
0.017037
0.007341
-0.002351
0.001708
-0.006775
-0.008156
-0.004915
-0.011082
0.016780
0.004848
-0.005439
0.009777
0.004052
0.010752
-0.010983
-0.010884
0.004843
-0.000812
-0.008481
0.010855
0.008193
0.003736
0.000528
-0.009001
0.010217
-0.005932
0.003567
-0.001856
-0.016168
0.001710
-0.022098
-0.013183
0.005886
-0.006871
-0.004948
0.004819
-0.003162
0.013880
-0.009144
0.001050
-0.010596
-0.006912
-0.014862
-0.006792
-0.010513
-0.003041
-0.004281
0.002632
0.003971
0.002205
-0.002414
0.017360
-0.003243
-0.011737
0.014109
-0.007000
0.001488
0.000405
-0.002783
-0.000999
-0.008481
0.007096
0.010769
-0.004061
-0.002993
-0.010525
0.004287
0.009636
-0.007080
0.002720
-0.001774
0.010470
0.001402
-0.022424
-0.017639
0.006472
0.001542
-0.007664
-0.018365
-0.013569
0.003871
-0.000334
0.009355
0.009214
0.007579
-0.005014
-0.003892
-0.016285
0.000044
0.011669
0.016397
0.016488
0.010894
-0.004639
0.010333
-0.000313
-0.000981
0.008937
0.024922
-0.015251
-0.017287
0.007190
-0.012414
0.000748
-0.001541
0.006330
-0.003778
0.003321
0.009010
0.008015
0.003902
0.010101
0.010338
-0.002956
-0.000531
0.010873
-0.017782
-0.003165
-0.000941
-0.000491
-0.003344
-0.011669
0.000353
-0.010698
0.012187
-0.003262
0.010441
-0.019073
-0.021212
-0.004591
-0.001998
-0.009600
-0.003222
0.019118
-0.011390
-0.015640
0.020837
-0.011446
0.008190
0.003364
-0.015004
0.006300
-0.002833
-0.010085
0.003554
-0.012537
-0.004141
0.042468
0.012881
0.005281
-0.002419
-0.012351
-0.013789
0.018191
-0.004249
-0.002008
0.005237
-0.001137
0.006422
0.008997
0.007414
-0.015587
0.023014
0.002500
0.010562
-0.000509
0.006805
0.005556
-0.011775
-0.021727
0.013930
-0.013376
-0.002647
0.028118
0.007574
0.020621
-0.001163
-0.010382
-0.004780
0.001393
-0.001488
-0.007547
-0.014388
0.003349
-0.001912
-0.000803
0.005154
0.013302
0.011355
-0.003914
-0.005945
0.005076
-0.005627
0.002443
-0.003909
0.005283
0.021709
-0.023801
0.016603
0.023301
0.016320
0.010142
-0.002032
0.006326
-0.002389
-0.000260
-0.006885
0.012132
-0.011602
0.010672
-0.005074
-0.007343
0.007497
-0.008890
0.000086
0.005596
0.002996
-0.004697
-0.002522
0.006232
0.002842
-0.002142
-0.004560
-0.020009
0.002374
0.009092
0.002717
-0.003722
-0.013237
-0.005754
0.030019
0.008866
0.017570
-0.015356
0.021353
0.001814
-0.013388
0.010902
0.004013
-0.001894
0.005973
-0.006543
0.009622
-0.010189
-0.001361
-0.006861
0.005546
-0.004300
0.000226
-0.018296
0.000693
0.001892
-0.004385
0.000501
0.004249
0.018969
0.007150
-0.002207
0.011556
-0.022851
-0.005028
0.009576
-0.002785
0.007242
0.010879
-0.015106
0.012851
0.001904
0.004786
-0.000445
-0.009507
-0.001747
-0.000421
-0.002378
0.005308
-0.011586
-0.011724
-0.005246
-0.002045
-0.002765
0.016456
-0.015373
0.001966
-0.014887
0.003559
0.012807
0.007927
0.000466
-0.007374
0.005478
0.002254
0.004562
-0.014018
-0.030046
0.025147
0.000885
-0.005146
0.008693
0.010262
-0.001605
0.026580
-0.014254
0.005758
-0.001050
-0.004875
-0.006416
-0.009766
0.008933
-0.005978
0.004391
-0.002001
-0.006534
0.014795
-0.015104
-0.002551
0.000887
0.005604
0.009460
-0.001262
0.005486
-0.000633
-0.014823
0.003605
-0.007049
-0.004834
0.012966
0.003835
-0.008246
-0.008697
-0.006204
0.008895
0.011301
0.004122
0.007148
0.003086
0.012667
0.007245
0.003918
-0.000070
-0.003046
0.004888
-0.005475
-0.006117
0.008574
0.008131
0.000575
-0.008832
-0.002555
-0.000085
0.006384
-0.000693
-0.002905
0.005382
-0.003353
-0.021062
0.005361
-0.005882
0.004285
-0.005063
0.006762
-0.013075
0.004649
0.008714
-0.003366
0.032514
-0.002039
0.002677
0.004506
-0.008619
-0.008890
-0.003405
0.011581
0.011483
0.017855
0.012469
0.010124
-0.004491
0.009384
-0.007743
-0.006476
-0.016850
-0.001325
-0.004740
-0.002345
-0.004165
-0.009892
-0.005818
-0.003016
0.003676
-0.010518
0.006314
0.006732
-0.003499
-0.005543
-0.007202
0.005959
-0.003704
-0.001966
0.003110
0.001866
-0.007710
0.008836
-0.002467
-0.000436
-0.012219
-0.005682
0.005088
-0.005838
0.019130
0.002155
0.015209
0.011066
-0.001233
0.009810
-0.007809
-0.020429
0.044940
-0.024825
0.014460
-0.013457
-0.009061
-0.004127
0.012138
0.006877
0.003298
-0.008966
0.005190
-0.000837
0.003340
0.009253
0.001178
0.005014
0.003729
-0.004234
-0.001130
-0.004292
0.010180
-0.000856
0.008361
0.004769
-0.005513
0.000253
0.002688
0.012813
-0.019604
-0.002161
-0.000634
-0.016803
-0.003158
-0.010457
-0.013437
0.012022
0.009524
-0.014381
-0.015778
-0.010088
0.021470
-0.000082
0.010767
-0.015305
-0.000547
0.012801
-0.009581
0.014002
-0.007979
-0.001036
0.002992
0.000366
0.014366
-0.003228
-0.002961
-0.018725
0.008482
-0.001415
0.008310
-0.002091
0.003196
-0.000908
0.013202
0.017618
0.010646
0.011358
0.019851
-0.007666
0.000649
0.012163
0.001485
-0.008334
-0.008616
0.009701
-0.003015
0.010744
0.011836
-0.020291
0.002194
-0.020418
-0.010477
0.006491
-0.007059
0.001043
0.028979
-0.020384
0.015930
0.005326
0.005378
0.008614
0.001177
-0.000143
0.002199
-0.015443
0.013570
-0.010181
-0.007019
0.004373
-0.006241
-0.008129
-0.004215
0.006009
-0.005885
0.006773
-0.011599
0.003798
0.008065
-0.002865
-0.013190
0.001164
-0.000465
0.005846
0.001349
0.000161
-0.004116
0.000443
-0.005300
0.005016
0.006392
0.011993
0.002019
0.003093
0.000328
0.002232
0.003518
0.003803
0.018858
-0.002824
0.009305
0.001768
-0.000693
-0.005872
0.007515
-0.002873
0.000452
-0.010044
0.004541
-0.004364
0.004801
0.005905
-0.001397
0.004442
0.009361
0.000988
0.004173
-0.007446
0.008113
0.010654
-0.002389
-0.008295
0.006982
0.012286
0.008583
0.005795
0.006640
0.012409
-0.003989
-0.009325
-0.005133
-0.006771
-0.010289
0.010113
0.003345
0.014499
0.005251
-0.003459
0.009284
0.007707
0.001392
0.007940
-0.013722
0.005261
-0.004055
-0.010880
0.004987
-0.012902
-0.004828
-0.000631
0.000558
0.018844
-0.010543
0.012653
-0.000641
-0.008074
-0.004507
-0.014352
-0.005072
-0.010008
0.001293
0.006511
-0.007893
0.009293
0.007420
-0.009672
0.004252
0.011677
-0.014301
0.002985
-0.007809
0.004636
-0.006961
-0.005860
-0.000757
-0.000148
-0.019400
-0.016959
0.009152
-0.001545
-0.013161
0.008676
0.008910
0.009915
0.001251
0.002064
-0.002360
0.008198
-0.036500
0.001086
0.007881
-0.006736
-0.016042
0.010284
-0.008621
-0.013248
0.008953
-0.011239
-0.001427
-0.008286
0.004539
0.004952
-0.012096
-0.010703
-0.015912
0.005981
0.005425
-0.001495
0.001593
0.004409
0.006817
-0.001801
0.010331
-0.011965
-0.006517
0.003693
0.011035
0.004468
0.000684
0.008361
0.000461
0.001835
-0.001745
-0.007002
-0.007311
0.005621
-0.009574
-0.002521
0.014421
-0.004874
0.008224
0.000460
-0.001182
-0.000123
0.010137
0.007450
0.001229
0.008281
-0.001269
-0.020208
-0.000748
0.004156
-0.005671
-0.001377
-0.001977
-0.011359
-0.000900
-0.012991
0.007596
-0.003105
0.023417
-0.000979
0.001319
-0.010914
-0.007359
-0.006875
-0.007418
-0.009748
-0.004132
0.010253
-0.004136
0.011020
-0.003232
-0.002000
0.001831
0.006307
-0.002945
-0.011936
0.004428
0.010505
0.011453
-0.003557
0.004735
0.004183
-0.000178
0.003284
-0.001400
0.012756
-0.001326
-0.006423
0.002216
0.005575
0.004221
-0.002488
0.005360
0.004214
-0.009163
0.014126
0.003201
0.005399
-0.003190
-0.000860
-0.007008
0.002358
0.008791
-0.013132
-0.002539
0.006364
-0.013708
-0.002182
0.002400
0.004484
0.009509
0.004508
0.003821
0.003157
0.013565
0.014716
-0.008002
-0.022833
0.000158
0.009839
-0.012627
-0.009916
-0.001882
-0.009876
-0.012460
0.015212
0.015225
-0.000968
-0.002495
0.001769
-0.002769
-0.004013
-0.000606
-0.005113
0.004945
0.008014
0.025126
0.015538
0.001283
0.001088
-0.001516
0.002744
0.008908
-0.013602
-0.006094
-0.003088
0.002851
0.000548
-0.003940
-0.014338
-0.006854
0.009205
-0.002467
-0.022191
-0.003602
0.009293
-0.000508
0.002156
-0.015909
0.013152
-0.001199
0.006378
0.000766
0.002550
-0.001654
-0.010325
0.003857
0.001347
0.011769
-0.013849
-0.012962
-0.001454
-0.007903
-0.013095
-0.005869
0.016511
-0.011102
0.008612
-0.009232
-0.005361
-0.001372
0.011513
0.012371
-0.005075
-0.009942
-0.009630
-0.004462
0.005779
0.023477
0.004452
0.001873
-0.000936
-0.006671
0.004477
-0.020516
0.001889
-0.007731
-0.003487
-0.007274
0.000155
-0.001017
-0.006737
0.000740
0.001102
0.022163
-0.000554
-0.006355
0.001922
-0.000548
0.001448
0.002325
-0.014788
-0.008433
-0.004411
-0.007257
-0.010125
-0.000006
-0.005425
0.017249
0.006998
-0.002456
-0.002947
-0.001836
0.015482
-0.015058
-0.002350
0.010152
-0.004205
-0.000380
-0.003884
-0.009910
-0.013602
0.004471
0.000089
-0.004401
0.000522
0.011132
-0.001076
-0.012191
-0.008001
-0.012859
0.000691
0.010566
-0.006588
0.007303
0.012050
-0.016915
-0.018889
-0.011773
-0.002803
0.003115
0.008672
0.009845
-0.005452
0.007953
0.002451
-0.013287
0.004744
0.005315
0.010154
0.011701
0.010379
0.011039
0.009682
-0.019879
0.000110
-0.005978
0.008092
0.012313
0.017435
-0.005927
0.001653
0.001341
-0.007289
0.006693
0.010217
-0.000499
-0.002263
0.007937
-0.006512
0.002695
0.002747
0.001428
0.000947
0.004022
0.002738
0.008380
-0.009616
-0.014430
-0.001264
-0.000234
0.009620
-0.008101
-0.003868
0.009570
0.024901
0.011636
-0.028672
0.009541
0.005991
0.002146
-0.002484
0.007680
0.013407
0.006028
-0.009253
-0.001742
0.016109
-0.015139
0.004211
0.016633
-0.001533
-0.005553
-0.006350
0.003118
0.004898
-0.006896
-0.000335
-0.006670
-0.007799
0.006845
-0.011124
-0.002717
0.006855
0.010972
0.008217
0.002076
0.043023
-0.028833
0.005656
-0.009902
-0.013012
0.000130
0.008980
-0.009680
0.007497
0.017731
-0.010458
-0.011010
0.013586
0.021754
-0.001556
0.004205
-0.004883
-0.006244
-0.003662
-0.013756
0.013380
0.002862
-0.011119
0.006217
-0.014962
-0.006649
-0.009824
-0.003224
-0.001969
0.011764
-0.001124
-0.004490
0.003180
-0.010758
-0.015507
-0.039970
0.007473
0.023541
0.009137
0.007932
-0.003761
-0.021422
-0.013970
-0.004686
-0.004358
-0.002239
-0.005192
0.004455
0.006525
0.011988
-0.008046
0.009153
-0.008355
-0.003571
0.013191
-0.012403
-0.012868
0.010930
-0.000862
0.008052
0.003278
0.006737
0.004197
0.000750
0.000480
-0.010937
-0.004452
0.004336
0.004215
-0.003987
0.002273
-0.016143
-0.004790
-0.003801
-0.001919
0.002688
0.005338
-0.015919
0.011337
-0.002149
-0.001431
0.021285
0.013071
-0.013975
-0.013898
0.020051
-0.024374
0.000967
0.006458
-0.003872
0.018854
-0.004732
-0.001686
0.007001
-0.005177
-0.002074
-0.000587
-0.003073
0.008799
-0.007959
0.002370
-0.008240
0.004699
0.012128
0.003354
0.001364
-0.003681
0.004101
-0.011130
0.005338
-0.002638
-0.012872
0.020238
0.012954
0.012367
-0.001962
0.006909
0.003328
0.014707
0.003267
0.007672
-0.015228
0.004436
0.010580
0.007901
-0.013647
-0.014647
-0.003433
0.006404
0.008975
0.008034
-0.007105
-0.003002
0.001671
0.002105
0.002285
-0.018339
0.015559
0.005680
-0.009471
-0.008158
-0.005112
-0.006087
0.009043
-0.000469
-0.005883
0.014770
-0.000746
0.014425
-0.005117
-0.001908
-0.006889
0.004737
-0.007257
-0.001319
0.009329
0.005116
-0.011834
-0.011307
0.015469
-0.005823
0.004920
-0.017875
0.024760
0.001192
0.011340
-0.004628
-0.006033
0.003120
0.004505
-0.007799
0.004062
0.004829
-0.000327
-0.010799
-0.004120
-0.002941
0.020815
0.013338
-0.005657
-0.002688
0.008822
0.004722
-0.004902
0.004987
-0.004424
-0.008574
0.006049
0.002791
-0.006895
0.015044
0.014086
-0.011794
-0.000412
0.011758
-0.022083
0.008858
-0.006472
0.002001
-0.005575
0.010113
0.004688
-0.000828
0.000782
-0.007214
0.010662
0.012470
-0.002191
-0.002309
-0.009552
-0.008370
0.000419
0.010046
-0.005221
0.007107
0.003427
-0.010689
-0.010371
-0.010744
0.018534
0.007255
0.000649
-0.007485
0.006095
-0.017082
-0.003620
0.027579
0.007917
0.004885
0.013640
-0.004327
-0.006768
0.000520
0.004393
0.003717
0.011636
-0.000811
-0.005468
-0.017090
0.021242
-0.005712
-0.010790
0.003138
-0.000775
-0.012078
-0.004256
0.008714
0.001634
-0.000469
-0.000423
-0.013215
0.023270
0.005757
0.006338
-0.008183
0.012955
0.004922
0.003061
0.004200
0.005342
0.004996
-0.007741
-0.007936
0.004188
-0.004962
0.013672
-0.005731
0.009741
0.001235
-0.010304
0.008534
-0.005485
-0.000085
0.021830
0.010519
-0.003791
0.004271
0.017199
0.005733
-0.014674
-0.004216
0.006788
-0.002677
-0.001511
-0.010023
0.022185
-0.015426
0.004068
-0.003869
-0.003960
0.001534
0.006348
-0.000777
0.006644
0.000733
0.006598
-0.019401
-0.000317
-0.012946
-0.007363
0.002212
0.004875
0.001447
0.007849
0.007284
0.002683
-0.012530
0.012883
0.007915
-0.012555
0.010854
-0.019470
0.003403
0.014268
-0.007410
-0.010710
0.007362
0.004087
-0.004674
0.010235
-0.016736
0.002448
-0.001025
-0.006731
-0.001795
0.003406
-0.003906
-0.011100
-0.000102
-0.008465
0.011894
-0.017401
-0.021257
0.003454
0.003243
-0.000223
0.003446
0.004719
-0.005462
0.000868
0.006953
0.006065
0.002565
0.000112
-0.001418
-0.000552
-0.009382
-0.004350
-0.006359
-0.010752
0.003886
0.000060
-0.008771
-0.001845
0.003399
-0.001068
0.009498
0.003060
-0.013211
-0.005991
0.008564
0.024768
-0.011997
-0.010938
-0.000916
-0.008604
-0.007530
-0.012166
-0.000665
-0.016206
0.011580
-0.026091
0.010533
0.003468
0.007863
-0.005685
0.006543
-0.013644
0.008591
-0.002502
0.005444
-0.017796
0.015789
0.000463
0.000476
-0.007623
-0.012597
0.002801
-0.005339
0.003261
-0.015354
0.012133
-0.000220
0.009577
-0.013272
0.006647
0.006212
-0.010011
-0.007245
-0.005023
-0.021208
0.007367
0.007261
0.000256
0.011608
-0.007304
-0.009477
-0.003537
-0.001845
-0.005974
-0.013030
-0.001993
-0.013435
0.002653
-0.000342
-0.010101
-0.003716
-0.007794
0.015865
0.011531
-0.006036
-0.002678
-0.016962
-0.000646
0.003998
0.000507
-0.002421
-0.000179
-0.007191
-0.001870
0.002230
0.004478
-0.015177
0.002347
-0.011337
0.004665
-0.000772
-0.000780
-0.017599
-0.006162
0.010573
-0.011049
0.004569
0.004514
0.007701
0.017838
-0.000120
0.013006
0.018141
0.002161
0.008343
-0.004186
-0.011729
0.010543
0.011847
0.006287
0.003197
0.001014
0.002634
-0.004441
-0.003331
-0.009762
0.002011
-0.004448
0.012280
0.012078
0.006352
-0.005995
-0.003624
0.014257
-0.008273
0.001794
-0.008578
-0.018754
0.006298
-0.001596
-0.002938
0.002084
0.003431
0.010639
0.026413
0.010866
-0.002392
0.010131
0.003636
-0.029615
-0.000967
0.011358
0.000063
0.010414
-0.007669
-0.001140
0.007373
-0.010955
0.002320
-0.004742
-0.002098
-0.007364
0.000466
0.002473
0.008314
0.004471
0.009917
0.000095
0.006178
-0.001916
0.023870
0.005048
0.013606
-0.010457
-0.004325
-0.003178
-0.003051
-0.003669
0.006392
-0.001956
-0.002151
-0.004437
-0.015253
-0.006530
-0.014304
-0.000205
-0.007368
0.005358
-0.003129
-0.010408
-0.007257
0.009211
0.004456
-0.005509
0.010255
0.014034
-0.004679
0.002466
-0.005718
-0.018241
0.008101
0.019464
0.008728
-0.009088
0.002517
-0.009035
-0.007135
0.003646
0.001878
-0.018802
0.008865
0.000258
0.005287
0.000156
-0.004957
0.017859
-0.009906
0.008750
-0.016117
0.009228
0.007475
0.002084
0.003867
-0.000643
0.003609
-0.002649
-0.001535
-0.013667
0.022458
-0.011934
0.021591
0.008739
0.000201
0.002205
-0.004982
-0.014984
0.000325
-0.012222
0.009452
0.008587
0.003006
-0.005766
-0.004344
0.015238
-0.002420
0.001483
-0.010703
-0.001674
-0.018899
0.020883
-0.003074
-0.011962
-0.000183
-0.002979
0.001696
-0.003966
0.010277
0.000391
0.016359
0.002008
-0.008209
-0.005269
0.008583
-0.001051
0.001260
-0.025390
0.002529
0.007107
-0.000745
-0.010306
0.013219
-0.003515
0.022383
0.008005
0.004080
0.003254
-0.010693
0.000127
-0.002989
0.002180
-0.004037
-0.014037
0.005152
-0.014568
0.003759
0.005050
0.000924
0.001201
0.005335
-0.002939
-0.026637
-0.013360
0.003898
-0.005967
0.001348
0.007956
-0.000435
0.001311
0.011693
-0.001146
-0.001905
0.002276
0.002926
0.007887
-0.011551
-0.005473
0.005080
0.007857
0.018527
0.012129
-0.007961
0.001583
-0.015428
-0.000593
0.006063
0.009637
-0.004551
-0.005154
0.005192
-0.011095
0.010610
0.010462
-0.019908
0.021408
-0.010314
-0.022893
-0.048386
0.016910
-0.006087
-0.000118
-0.008080
0.004055
-0.000133
0.004198
-0.005129
0.001162
-0.006150
0.006006
0.007126
0.004291
0.008001
0.009985
0.015198
0.001306
-0.013203
-0.001920
-0.000156
0.007040
-0.006640
0.004317
0.001025
-0.002729
-0.004499
0.009638
-0.011938
-0.006892
-0.012331
-0.007940
0.008976
-0.021962
0.002392
0.007807
-0.009021
0.029112
-0.016374
0.014799
-0.001247
-0.006996
0.005160
0.024821
0.017669
-0.008229
-0.003196
0.006102
-0.013691
-0.016530
-0.012012
-0.008017
0.013063
-0.000253
0.005565
-0.000306
-0.017444
-0.004366
-0.018249
0.004437
-0.005256
-0.017999
0.003694
0.002583
0.007059
0.003851
0.008740
0.004816
0.014589
-0.016586
-0.002043
-0.005757
-0.011399
0.012788
-0.002168
-0.004245
-0.011571
0.000330
0.009608
0.002488
-0.002949
-0.008667
0.003086
-0.000546
-0.002588
0.012011
0.000988
-0.010004
0.006372
-0.014460
0.007932
-0.013916
-0.004799
-0.029151
0.000564
-0.002017
0.003582
0.010975
-0.001321
-0.008148
0.006144
0.005724
0.006028
-0.012546
0.010173
0.004270
0.006810
-0.011456
-0.004400
0.010018
0.011450
-0.001930
0.003543
0.011207
0.003031
-0.005862
-0.004349
-0.002330
-0.013217
-0.004060
0.006141
-0.011323
-0.002508
0.000281
-0.007961
0.019709
-0.002962
0.004032
-0.002055
0.007186
0.001522
0.005444
-0.004470
0.005924
0.003521
-0.006058
-0.009005
-0.000714
-0.011823
0.003526
-0.001379
-0.000065
-0.013710
0.004030
0.004985
-0.003743
-0.011685
0.018191
0.005768
0.022424
0.003189
0.014751
-0.007613
-0.002894
-0.001941
-0.004543
0.003000
0.000792
-0.012046
0.009273
0.008080
-0.013280
-0.001734
-0.005393
0.001688
-0.004454
-0.001366
0.019058
0.002275
-0.025646
-0.011792
-0.006822
-0.006558
-0.003925
0.006399
-0.003591
0.014723
-0.009905
-0.003149
0.006281
0.002742
0.009207
-0.002412
0.002531
0.001919
0.009945
0.007534
-0.020095
-0.011057
0.004665
-0.000854
0.006275
0.009078
0.006502
0.006188
0.009477
0.018201
-0.005876
0.003547
0.002443
-0.012627
0.003290
0.005795
0.001541
-0.007585
0.012604
0.008097
0.002091
-0.002497
-0.005628
-0.004461
0.006377
0.003713
0.004825
0.007431
-0.009699
-0.010114
-0.017440
0.002572
0.013326
0.005803
0.013496
0.000705
0.018077
0.007565
-0.002127
-0.002767
-0.004955
0.008222
0.009742
0.010350
0.006421
-0.015800
0.007047
-0.007245
-0.015770
-0.018990
-0.001406
0.006789
0.003102
-0.006855
0.007357
0.018706
-0.025670
0.001916
0.002717
-0.011469
-0.000578
-0.011576
0.000823
0.000118
0.015296
0.002311
-0.000125
-0.023264
-0.000471
0.003194
0.000790
-0.004198
-0.007167
0.006596
0.024599
0.000987
-0.003659
0.003161
0.003889
-0.000557
0.006304
-0.002840
-0.000201
-0.011021
0.008530
0.002008
0.005501
0.005163
-0.008737
-0.005072
-0.019236
-0.000082
0.015676
0.012348
0.000102
0.016495
0.019434
-0.003105
0.003480
0.010809
0.014240
0.013492
0.007913
0.004393
-0.003401
-0.003816
0.004277
0.003630
-0.004918
-0.014504
0.008082
0.006932
0.003865
-0.002594
0.005822
0.003706
0.009796
-0.005870
0.003572
-0.002586
-0.025184
0.005245
-0.002799
0.023978
0.003861
0.006834
-0.009420
-0.001814
0.016057
-0.002909
0.027497
-0.004557
0.020960
-0.015306
-0.007143
0.008279
-0.016788
-0.001418
0.005431
0.015505
-0.014129
0.018664
0.017390
-0.000937
-0.008330
-0.007495
-0.007980
0.003588
-0.008186
0.006841
0.020635
0.010976
-0.001165
0.003585
0.012503
0.004418
0.005226
0.011158
0.006419
-0.002546
-0.012856
-0.000671
-0.010336
0.002909
0.009271
0.007012
0.004565
-0.006262
0.008030
-0.002162
-0.007962
0.014319
0.009191
0.004451
0.002651
0.032754
0.010040
-0.016352
-0.008575
0.012417
0.009767
0.021948
0.002960
-0.011612
0.004217
-0.001320
-0.000266
0.002849
0.014219
-0.012981
0.018940
-0.018331
-0.011600
-0.001286
0.013806
0.015013
-0.002854
0.004310
-0.010745
0.005345
-0.018106
0.003590
0.003490
-0.005906
-0.000395
0.007515
0.006797
-0.002812
-0.009769
0.013605
-0.002719
0.003388
-0.017477
0.021483
-0.006429
0.012165
0.002180
0.004120
0.013999
0.016973
-0.001467
0.013997
-0.007082
-0.001144
-0.009097
-0.004129
0.008722
-0.004044
0.008871
0.018074
-0.002122
-0.016716
-0.000977
0.005863
-0.012198
-0.000871
0.003578
-0.007643
-0.012648
-0.012889
-0.002604
0.013437
-0.000046
-0.011435
0.010879
0.003837
0.005886
0.003862
0.002391
-0.010234
-0.002661
0.008382
-0.002282
-0.002192
0.007711
0.021159
0.005196
-0.010052
0.003421
0.025514
-0.002746
0.004313
0.024104
0.009160
0.010777
0.001659
0.004740
0.003869
-0.007987
0.002268
-0.001328
-0.003407
0.012034
0.004260
0.006904
-0.000550
0.003958
-0.009868
-0.020682
-0.001091
-0.005480
-0.000759
-0.010897
-0.002040
-0.006183
0.004780
0.005680
0.009275
0.002534
-0.003207
0.007104
-0.005884
0.006040
0.002578
-0.010536
-0.021327
0.009230
0.004376
-0.002304
0.010612
-0.012128
0.003051
-0.011763
0.026574
0.008040
0.023975
-0.007501
-0.010716
0.006906
0.003941
-0.006801
0.004510
-0.009938
-0.008186
-0.003676
0.001433
0.000522
0.008135
-0.000257
0.000159
0.019712
0.019949
0.013432
0.001457
0.006524
0.010532
0.003414
0.020650
0.004755
-0.000753
0.003910
0.000024
-0.010100
0.007322
0.014488
0.024828
-0.003381
-0.004203
0.004283
-0.017586
-0.007300
-0.002322
0.006448
-0.006401
0.009183
0.000997
-0.001841
-0.001985
-0.006046
0.000798
-0.001393
0.006312
0.016642
-0.005512
0.008059
0.002504
-0.003103
0.001198
-0.002122
-0.002744
-0.001753
-0.008314
-0.012109
-0.005310
-0.009058
-0.002085
-0.008613
-0.001285
-0.002689
-0.010959
-0.005962
-0.010145
-0.007442
0.018370
0.030168
-0.013592
-0.042778
-0.049219
-0.017920
0.007672
0.021452
-0.003106
0.002384
-0.003947
0.007549
-0.003658
-0.003581
-0.007151
-0.008178
0.025613
0.003738
0.006632
-0.000117
0.002928
-0.013843
0.014446
0.002306
-0.014138
-0.000599
-0.004010
0.008725
-0.000160
-0.003929
0.007870
-0.001325
0.004192
0.009072
-0.002431
-0.015856
-0.016320
-0.006864
0.004285
0.012651
-0.012764
0.009995
0.004940
0.017056
0.007278
-0.017650
0.016426
-0.033459
0.018364
0.010408
0.009607
0.016790
-0.004420
0.003545
0.025813
-0.013620
-0.020080
0.004474
0.006204
0.003213
-0.010020
0.004375
-0.001738
0.000612
0.004396
-0.003879
-0.006873
-0.005050
-0.003328
-0.013318
0.014326
0.001272
-0.002894
-0.006086
0.009507
0.000757
-0.004852
0.005232
-0.001588
-0.016528
-0.036790
0.016838
0.012519
0.003012
0.005338
0.006937
-0.004996
-0.011203
-0.004472
0.006998
0.001316
0.019418
0.006494
0.002094
-0.006925
-0.018432
-0.002330
0.006915
0.011553
-0.003210
0.000425
0.003960
-0.002027
0.009743
-0.001765
0.013678
-0.000609
0.003689
0.006581
-0.006897
-0.003363
0.019373
-0.010925
-0.000573
0.011535
-0.014475
0.023195
0.005545
0.006974
0.008737
-0.012490
0.013649
-0.005319
-0.007475
-0.000731
0.014635
0.016741
-0.003361
-0.015541
-0.009869
