0.001807
0.023449
0.008000
0.010466
-0.004845
0.002469
0.010222
0.005733
0.002434
0.000892
-0.003664
0.004439
0.014486
0.002195
-0.000106
0.015990
-0.007404
-0.001833
0.000016
0.001442
0.000980
0.006482
0.002015
-0.011971
-0.011300
0.003938
0.013405
-0.010027
-0.016656
-0.004585
-0.001109
0.004349
-0.000833
0.008228
-0.006962
0.005311
0.001192
-0.003262
-0.000676
-0.014448
0.009147
0.012013
-0.000232
-0.008228
0.016598
0.000436
-0.010259
-0.010246
0.007447
-0.002307
0.001398
-0.000024
0.000026
0.016230
0.004555
0.010628
0.007904
0.007465
-0.007059
0.008099
-0.004976
-0.008116
-0.007196
-0.006031
-0.000249
0.008184
0.004216
-0.009346
-0.008534
0.002818
-0.001477
-0.003378
-0.007819
-0.006139
0.009286
-0.000695
-0.008747
-0.003114
0.001534
-0.005519
0.020544
-0.009799
0.006550
0.005237
-0.005914
-0.005582
-0.005834
-0.009948
-0.006542
-0.000985
-0.002437
-0.004387
-0.003799
0.006894
0.001957
-0.019039
0.001293
-0.004364
-0.013901
0.011738
0.001071
0.002688
0.003787
-0.003578
0.002160
0.000636
0.003462
-0.008501
-0.001970
0.008084
0.003576
0.004360
-0.004369
-0.003134
-0.007803
0.004537
-0.007749
-0.018784
-0.002581
-0.000225
0.012222
-0.015571
0.002134
-0.011974
-0.005787
-0.035398
0.012307
-0.031255
0.005895
0.005980
0.003164
0.002256
-0.000237
0.016072
0.005617
-0.000183
0.000670
-0.014829
0.004786
0.003445
-0.007622
0.003497
-0.006235
-0.001099
-0.005218
0.009004
-0.006701
0.008356
0.010136
0.021951
-0.004885
-0.007753
-0.014153
-0.014845
0.007983
0.020448
-0.011200
-0.018954
0.009181
0.002881
-0.004448
-0.006301
0.005478
0.009322
0.009577
0.019607
-0.000211
-0.018798
0.000226
0.009863
-0.008099
0.007104
-0.006826
0.012043
-0.000863
0.005601
0.012346
0.011340
-0.009225
0.004341
0.020756
-0.002667
-0.001614
0.006783
-0.001495
0.000952
0.015278
-0.012882
0.027158
0.017313
0.020467
-0.020279
-0.003728
0.006040
-0.000021
0.000533
0.001972
0.012929
0.001105
0.000612
0.019913
0.012874
0.012188
-0.004464
-0.004724
0.003684
0.009404
-0.011391
0.000716
0.001757
-0.001497
0.008833
0.003375
0.003451
-0.018416
-0.007303
0.000181
-0.001601
-0.018745
-0.010999
0.018101
-0.016669
-0.006847
-0.011923
0.011970
-0.011687
-0.002382
-0.003977
0.002453
0.000435
0.006593
-0.012482
0.000451
0.010936
0.003641
0.003401
-0.016401
0.000628
-0.004728
-0.001652
0.005435
-0.001290
0.004102
0.009786
-0.006574
-0.003789
-0.004097
-0.019324
-0.007809
0.006770
-0.029770
-0.008795
0.003982
-0.005733
-0.002456
-0.002405
0.007136
0.006258
-0.005966
0.022814
0.016901
-0.002567
0.006532
-0.011549
-0.003323
0.012151
-0.002483
0.008664
0.009102
0.008243
-0.001552
0.002130
-0.000232
-0.005384
-0.005237
0.005379
0.011648
0.019741
0.004560
0.016676
-0.003783
0.008211
0.010071
0.003216
0.005968
0.002739
-0.006548
0.010183
0.009719
-0.006070
-0.006374
-0.011550
-0.005842
0.006200
0.006277
-0.001832
-0.003096
-0.001331
-0.007704
-0.003860
-0.004936
-0.012822
-0.011429
0.007056
0.004599
-0.004273
0.004679
-0.003329
-0.002463
-0.001686
0.003964
0.005960
-0.001155
0.007726
-0.001341
0.013776
-0.000078
-0.005238
0.022789
-0.010442
0.024363
-0.013749
-0.001960
-0.006158
0.002869
0.016217
-0.000134
-0.002202
-0.022510
-0.006063
0.005298
0.000928
0.012672
-0.002019
0.012761
-0.015940
0.003609
0.001907
-0.021345
0.021047
0.028844
0.011065
-0.010428
0.003184
0.004150
0.001233
0.008192
0.001249
-0.000545
-0.005266
0.005013
-0.006226
-0.010986
0.007064
0.007673
0.004875
-0.019920
-0.026413
0.027143
-0.001147
0.012988
0.000985
-0.013622
-0.013823
-0.014162
-0.001540
0.012718
0.009595
-0.004680
0.004135
0.007307
0.014741
0.004757
-0.000687
0.001603
0.008933
0.019266
0.000460
0.001804
0.010523
0.005627
-0.010772
0.010090
0.001776
0.000674
-0.002772
-0.014862
-0.016084
-0.026394
0.016722
0.000727
-0.006397
0.004221
-0.008898
-0.009662
-0.005525
0.009207
0.022694
-0.004074
0.014464
-0.000444
0.002844
-0.015200
-0.003680
-0.001700
-0.011134
0.006988
0.005290
0.005657
0.006738
0.011575
0.010547
-0.018616
-0.007418
-0.017572
-0.011202
-0.006806
-0.007077
0.006446
0.003235
-0.005119
-0.013666
-0.010041
-0.009499
-0.009546
0.005714
0.018589
0.004183
0.012437
0.008098
0.002105
0.004923
-0.025349
-0.002664
0.011147
-0.006906
-0.004094
-0.012475
0.011427
0.008554
0.008540
-0.004811
-0.012323
-0.008243
0.006793
0.008696
0.005888
0.001708
-0.006011
-0.005536
0.002129
0.011048
0.005147
-0.004493
-0.011639
-0.001381
0.016497
-0.013806
0.001730
0.003724
-0.014400
-0.003725
0.006030
0.011648
0.003153
0.005991
-0.012301
0.010013
-0.016649
0.011968
-0.003353
0.013479
-0.020472
0.025687
-0.004396
-0.000762
-0.002638
0.003916
-0.006915
-0.011152
-0.007941
0.017565
0.003051
0.000050
-0.004915
-0.008786
-0.000899
0.006794
0.009424
0.012274
-0.002933
0.001383
0.003530
-0.006274
0.008470
0.023411
0.006925
-0.023076
0.007511
0.009031
-0.017353
0.001684
-0.005617
-0.001951
0.004947
0.004577
-0.010990
0.005265
0.006594
-0.000905
-0.005126
0.001467
0.013806
0.000472
0.000769
0.011617
0.001659
0.007120
0.013948
-0.003078
0.007245
-0.005680
-0.015690
0.005327
-0.003004
0.002758
0.003766
-0.010851
0.015893
0.003268
0.000328
0.005280
-0.019562
0.013936
0.003723
0.007078
0.001949
0.013427
-0.011835
-0.000217
0.016226
0.004976
0.009142
-0.012058
-0.004783
0.000868
-0.007623
-0.005034
-0.000264
-0.005206
-0.002880
0.002356
-0.005411
0.003312
-0.003498
0.006816
-0.004561
0.003551
-0.017422
0.015748
0.008717
-0.000971
0.002839
0.019591
0.005620
-0.002538
0.008044
-0.002089
0.009627
-0.007225
-0.001092
0.018516
-0.003166
-0.010151
0.016166
-0.003445
0.006830
0.000203
0.002580
0.006765
-0.016342
-0.005303
0.006832
-0.000522
0.002650
-0.012827
0.020026
-0.000361
0.012395
0.005220
0.005321
-0.005037
-0.001473
0.003625
-0.003193
0.004192
-0.002685
0.014485
-0.009628
0.000182
-0.015926
-0.016627
-0.011457
0.017873
0.010987
0.006516
0.012518
0.007659
0.005961
0.009843
0.005086
-0.014041
0.002149
0.006454
-0.005751
0.003802
0.004492
0.010549
0.006413
-0.027242
-0.012415
-0.004283
0.001769
-0.003481
0.010633
0.008183
-0.002195
0.002907
-0.010083
-0.000373
0.005425
0.002115
-0.009803
0.009435
-0.002479
-0.004390
0.006164
0.010105
-0.002320
0.005359
0.004100
0.002059
0.011656
0.013817
-0.003454
0.001782
0.016087
-0.011427
0.001402
-0.002796
0.002102
0.001921
0.001079
0.009282
0.001917
0.001946
-0.012894
-0.012674
-0.006064
0.002768
-0.000296
-0.006765
-0.007577
-0.008227
-0.002771
-0.011080
0.009166
-0.003004
0.014050
-0.001164
-0.004321
0.009711
-0.011843
0.005716
0.018323
0.012527
-0.001111
0.007855
-0.012363
-0.003061
0.004309
0.000846
-0.003541
-0.014116
0.011538
-0.016479
0.007512
0.001701
0.020447
0.012077
-0.003691
0.000724
-0.001308
0.004577
-0.010754
0.001671
-0.007949
0.011661
-0.006511
0.007417
0.007250
-0.003512
0.011574
0.017377
-0.006225
0.008786
0.009767
0.014235
-0.014526
0.004841
0.000913
-0.015731
0.009275
0.003625
0.021658
-0.010013
0.004570
0.007197
0.008308
0.015303
0.003383
0.001696
0.018502
-0.004385
0.003407
-0.004495
-0.006681
-0.004642
-0.022624
0.030017
-0.009534
0.008607
0.000894
-0.008856
0.002227
-0.004977
-0.002838
0.005694
-0.000150
0.002389
0.001368
0.010635
0.006933
0.005263
-0.004279
0.001308
-0.011769
0.019515
-0.008163
0.017729
-0.003973
-0.016997
-0.021055
-0.001659
-0.016905
-0.010207
0.004083
-0.003602
0.002396
0.001733
-0.001954
0.004730
-0.002724
0.018469
-0.004753
0.012853
-0.011570
0.011272
-0.010639
0.005230
0.006680
0.016425
0.000507
-0.014438
0.006519
0.002742
-0.007174
0.017208
0.007926
-0.013363
-0.013981
-0.006988
-0.001464
0.006184
0.012256
0.000487
-0.003662
0.010695
-0.006771
-0.000729
-0.002624
0.000934
0.005776
-0.012160
0.005522
-0.004421
0.006762
0.002032
-0.003320
-0.007798
-0.000074
0.005587
-0.002198
-0.000017
-0.005545
-0.004681
-0.013368
0.002163
0.000506
-0.003913
-0.013372
-0.010063
0.006458
-0.001844
-0.002731
0.003966
0.005556
0.032817
-0.022740
0.000551
0.002396
0.010158
0.010505
-0.000937
-0.000849
-0.001119
-0.006359
0.002404
0.005214
0.014543
0.014653
0.012327
0.015545
-0.003057
0.000824
0.000594
0.015293
-0.006687
0.008360
-0.000478
0.003280
-0.002630
-0.001807
-0.014319
-0.013197
-0.000869
0.001530
-0.003343
-0.018728
0.003554
0.005915
-0.016431
0.003893
-0.000256
0.008372
0.002591
-0.003256
-0.024643
0.006562
0.004353
-0.013549
0.000394
0.000404
-0.001049
-0.005656
0.016078
0.025392
0.007373
-0.001767
-0.005292
0.008351
-0.002558
-0.009717
-0.000768
0.007586
0.014087
-0.000948
-0.014937
-0.009747
0.006420
0.004220
0.000013
-0.013188
0.008102
0.000761
0.004537
0.013472
-0.002856
0.010799
0.009724
-0.011753
-0.001680
-0.002868
0.001581
-0.014651
0.001743
0.003214
-0.000043
0.005490
0.019760
0.020782
0.020753
-0.003774
-0.007661
0.011181
0.002697
0.017401
0.003604
0.025731
0.011737
-0.008548
-0.013829
-0.017630
-0.008247
-0.002023
-0.008573
-0.010520
0.003280
0.002472
0.000458
-0.009926
0.004236
0.010227
-0.016879
-0.006868
-0.005520
-0.002569
-0.003275
0.024795
-0.008355
0.004627
0.012161
0.003924
-0.010102
0.006383
0.000546
0.007145
0.005509
0.018913
0.005450
-0.011028
-0.009424
-0.001734
0.020976
-0.013265
0.001100
-0.013636
-0.007489
-0.006730
0.011273
-0.015319
-0.003451
0.044915
0.004967
0.008939
-0.012377
0.002804
-0.009315
0.007392
0.002965
-0.007405
0.003190
0.012583
0.001123
-0.011432
-0.003334
0.015071
-0.003462
-0.015805
-0.013352
-0.002491
-0.010862
0.014015
-0.000368
0.001209
-0.000617
0.001032
-0.005203
0.002710
0.002694
0.002101
0.005785
0.006519
0.000511
0.000507
-0.007516
-0.005967
0.008133
0.021149
-0.003267
-0.012213
0.001006
0.005987
0.004317
-0.020670
0.000059
-0.004982
-0.007290
-0.013116
-0.008029
-0.005298
-0.003255
-0.013080
-0.005881
0.009657
-0.005272
-0.010630
-0.012284
-0.008763
-0.020428
-0.021651
-0.013780
0.000049
-0.007488
0.010902
-0.022832
-0.009712
0.015830
0.005862
-0.011688
0.008198
0.006505
0.006070
-0.018653
-0.006748
0.000325
0.007293
-0.009455
-0.004477
0.002538
-0.004894
-0.005155
-0.009218
-0.001332
0.003619
-0.014804
-0.019366
-0.008929
-0.029997
0.012584
-0.009978
0.001651
-0.011419
0.005799
-0.002704
-0.010798
-0.012922
-0.000033
-0.003573
0.026562
-0.021014
0.014554
0.003725
0.001916
-0.001058
-0.012333
-0.006047
-0.007913
0.004669
-0.003841
-0.001867
-0.018477
-0.003328
-0.007955
0.023798
0.002770
0.015213
-0.000034
0.007162
0.008567
0.008978
-0.003017
0.004486
0.007353
0.010300
0.031810
0.018838
0.000885
0.003276
-0.006597
0.018667
-0.006694
-0.003311
-0.015980
-0.003592
-0.004215
0.002344
-0.003332
0.008908
-0.005832
-0.000386
-0.028136
-0.003232
-0.002352
0.013093
0.007208
-0.012451
0.007819
-0.013165
0.000571
0.001468
0.000751
0.001009
-0.000168
-0.000550
-0.001031
0.001253
0.009341
-0.006375
0.008296
-0.011173
-0.013878
-0.003155
0.003403
0.014299
0.002485
0.000397
-0.008565
0.009043
-0.000777
0.020560
-0.003096
0.015284
-0.002145
-0.013094
-0.008370
-0.005015
0.005791
-0.002616
-0.014168
-0.001234
0.000394
-0.015541
-0.016477
-0.000684
0.007783
-0.003641
-0.008941
-0.008014
0.009036
-0.015846
-0.003198
0.004886
-0.014070
-0.002269
-0.005077
-0.000295
0.004410
0.001474
-0.006425
-0.011318
-0.001394
-0.010845
0.005695
-0.001804
-0.014424
0.001329
-0.004992
-0.000992
-0.012115
0.004211
0.016888
-0.004695
-0.023502
0.014598
0.009179
-0.008977
-0.004280
0.005815
-0.003700
0.012013
-0.001989
0.002547
-0.000374
-0.000952
-0.006951
-0.004117
0.014976
-0.003746
-0.000024
-0.003973
0.011094
-0.009545
0.002248
0.006666
0.008717
0.001456
0.013937
-0.000531
0.006439
0.002552
-0.001180
-0.014925
-0.010658
0.006117
-0.003444
0.002457
0.001470
0.000610
0.002974
0.000841
0.005138
-0.003467
0.000694
-0.000577
-0.003634
-0.011265
-0.007405
0.004713
0.004136
-0.015366
-0.002205
0.004992
0.006607
0.001235
0.013189
0.000116
-0.011627
0.015064
0.007296
0.002628
-0.009217
-0.009448
0.016220
-0.013782
-0.006721
0.003542
0.002925
-0.009045
0.001245
-0.007144
0.002466
0.003276
0.004618
0.006572
0.000567
-0.010758
-0.003226
-0.006695
0.001586
0.006229
0.000289
0.015076
-0.000354
0.009734
0.010903
0.004361
-0.003077
-0.005698
0.004489
0.005782
0.014963
0.004459
-0.005417
0.001723
0.006720
-0.006083
0.001925
0.003694
0.014874
-0.007285
-0.006919
0.001456
-0.009362
-0.001675
-0.000634
0.011474
-0.010533
-0.022861
-0.014016
-0.009856
-0.000093
-0.014537
0.010347
-0.014103
0.006041
-0.007957
-0.003317
0.006446
-0.006407
-0.019002
-0.000097
0.009346
0.007675
0.011608
-0.008221
-0.011000
0.011319
0.016766
-0.007999
-0.001254
-0.014926
-0.002393
-0.004550
-0.009824
-0.000714
-0.002626
0.001110
0.013241
0.000735
-0.012708
0.000436
-0.018391
0.002495
0.011439
0.008688
-0.013990
0.019364
0.012281
-0.010798
-0.004399
-0.000650
0.009922
0.001024
-0.004162
-0.015754
-0.001992
0.003997
0.005193
0.009419
0.005249
-0.017201
-0.000644
0.002872
-0.010445
-0.006292
-0.008014
0.003628
-0.007071
-0.005460
0.012419
0.003202
-0.006635
-0.013849
-0.011386
-0.007385
-0.001581
0.000565
0.004416
-0.005881
0.012463
-0.000498
0.007069
-0.003788
-0.006165
-0.011248
0.009181
0.006655
0.013441
0.001830
0.005885
0.008623
0.000516
0.019931
0.014604
0.001349
0.003980
-0.006759
0.014667
0.005221
-0.003928
0.003660
-0.003934
-0.001429
0.000623
-0.004745
0.020592
0.003157
0.001044
0.009745
-0.004873
-0.008702
-0.005924
0.004434
0.001963
0.004755
0.002578
0.011509
-0.001683
-0.001658
0.012475
-0.004975
0.019811
-0.007100
0.001664
0.010518
-0.002921
0.007926
0.011306
0.023519
-0.002795
0.005469
0.000173
0.000827
0.013564
-0.000747
0.010732
0.011060
0.006495
0.006364
-0.005202
0.010983
0.015525
0.009725
0.001633
0.012763
-0.003744
0.010033
0.015075
-0.005019
-0.000796
-0.005117
-0.001910
0.009189
-0.002894
-0.012182
-0.002021
0.008634
-0.000307
-0.006554
0.001756
-0.021928
-0.001052
0.002940
0.005167
0.004333
-0.013288
0.012991
-0.003695
-0.008737
-0.004973
-0.010030
-0.000996
-0.008743
0.000879
-0.006955
0.005095
-0.007673
-0.003424
0.008063
0.008401
0.012483
0.001090
0.007246
0.012101
0.001216
0.009891
0.015481
-0.011269
-0.000496
0.000784
0.002454
-0.001769
-0.012810
-0.006319
0.000746
-0.000580
-0.006550
0.017485
0.009113
-0.001807
0.018576
-0.001811
-0.012383
0.002273
0.009871
-0.007086
0.008227
-0.005589
-0.005270
-0.009864
0.017163
-0.015780
-0.003537
0.005256
-0.001245
-0.001047
0.003361
0.012264
-0.021536
-0.005195
0.019211
-0.001017
0.002061
0.003978
-0.003259
-0.002032
0.001374
0.002920
-0.004950
-0.010883
0.003712
0.005527
0.002584
-0.022235
0.011465
-0.001864
0.003139
-0.011576
0.005312
-0.006774
-0.001207
0.029040
0.024730
0.013410
0.020875
0.002701
-0.012602
0.008630
-0.023501
-0.018824
-0.005307
0.024058
-0.018457
0.001805
-0.007522
0.002007
0.008227
-0.006188
0.002313
-0.001522
-0.002805
0.000374
-0.007784
-0.006704
-0.002361
-0.005472
-0.003499
0.008412
0.005900
-0.014763
0.009401
0.003387
-0.003579
-0.016578
0.000963
-0.014150
0.013400
0.009112
0.002774
0.003732
-0.007813
0.007181
-0.004106
0.001387
0.011355
-0.001137
-0.014560
-0.007979
0.002591
0.001463
0.002877
0.009875
0.000146
-0.002125
0.008245
0.000891
-0.015685
-0.005731
-0.014878
-0.002239
-0.002549
0.015010
0.004096
-0.002486
-0.006664
0.008547
-0.015241
-0.017856
0.003410
0.007681
0.011910
0.028942
0.001416
-0.004827
0.000154
0.005596
0.004301
0.001601
-0.023679
0.000186
0.004851
0.002831
0.008712
0.003018
-0.001009
-0.002421
0.021763
0.003081
-0.001558
-0.001273
-0.002979
-0.021928
0.009988
-0.007903
0.006600
0.005499
-0.002842
-0.009435
0.023207
0.012580
-0.002050
-0.000958
-0.015829
-0.007928
-0.011859
0.011390
0.007083
-0.005589
-0.006009
0.020925
0.005001
-0.015616
0.001809
0.007789
0.003970
0.004868
-0.005558
-0.015901
-0.008060
0.001349
-0.011001
0.010301
0.004894
0.005388
0.017528
0.009882
-0.006416
-0.011168
-0.011959
0.014423
-0.017375
-0.011579
-0.007325
-0.010300
0.017619
0.008835
0.000023
-0.001027
0.008351
0.005399
0.004629
-0.006999
0.009427
0.006404
-0.000918
0.002396
0.004023
0.008203
0.000055
0.005583
0.007328
0.001809
0.004387
-0.000133
-0.005357
-0.004129
0.009995
0.000634
-0.013756
-0.001239
0.000420
0.007329
-0.001002
-0.009030
-0.006837
0.003465
0.004775
-0.014281
0.009579
0.009124
-0.011449
-0.011000
-0.004199
0.011820
-0.003658
-0.000013
-0.011439
-0.005718
-0.015748
-0.002972
-0.019818
-0.008985
-0.001563
0.002495
0.007394
0.003028
-0.015698
0.004691
0.008708
0.007042
0.016155
0.003732
0.000752
-0.012759
0.006310
-0.004988
0.005076
-0.002670
-0.001560
-0.005759
-0.002504
0.003929
0.008351
-0.000766
-0.008848
-0.018633
0.003174
0.004264
0.012283
0.005437
-0.001017
0.002871
-0.001740
-0.002629
-0.000042
-0.000928
0.004675
0.005536
0.008392
0.012257
-0.009618
0.002218
0.007051
-0.032036
-0.006400
0.009012
0.008016
0.006427
0.007478
-0.016502
-0.004382
0.021592
-0.009309
-0.015876
-0.005466
0.030668
0.009427
-0.008260
0.013103
-0.003813
-0.006176
0.012902
-0.013303
-0.011898
-0.007551
0.008682
0.010149
-0.008899
-0.010937
-0.004446
-0.001233
-0.000119
-0.006005
0.013476
-0.003150
-0.007844
0.004454
0.004703
0.007086
0.025819
-0.014698
0.018805
0.001467
0.000122
0.006400
0.013896
-0.001459
-0.009537
-0.005882
0.002655
-0.000075
0.000462
0.009247
0.000076
-0.009456
-0.007286
-0.023106
0.009178
0.007894
-0.005784
-0.008151
-0.004194
-0.006646
0.001285
-0.012890
-0.006994
-0.004158
-0.018418
0.014029
-0.016572
0.004721
0.001998
0.005339
0.005476
-0.013559
0.000397
0.005587
-0.002925
0.012681
0.000808
0.003973
0.005730
-0.007478
0.000833
-0.007275
0.010500
-0.000834
0.004235
-0.020845
0.004441
0.008702
-0.001973
-0.016536
0.005938
-0.006041
-0.015495
0.003138
0.003715
0.007435
0.009162
0.009990
0.001601
-0.010657
0.013536
-0.017071
0.002597
0.011220
0.002507
0.001196
0.003912
0.010131
-0.018515
0.031947
-0.012636
0.001636
-0.011582
0.015630
-0.000229
0.003219
0.005172
0.006027
-0.001195
-0.004226
0.008324
0.002460
0.006324
-0.005373
0.004809
0.004634
0.012501
-0.007250
-0.001538
0.031632
-0.008247
-0.008432
-0.016763
-0.010419
0.005244
0.001116
0.007076
-0.008527
0.010314
0.008435
0.006899
-0.007406
0.007649
0.009062
-0.006448
0.002350
0.006665
-0.007220
-0.015297
-0.008746
-0.004024
-0.010445
-0.005188
0.006545
0.019622
0.005455
-0.006077
-0.023954
0.011329
-0.009125
0.003221
0.013194
-0.004096
-0.021662
0.016128
0.019360
-0.012201
-0.000823
0.018283
-0.014488
-0.010010
0.022912
-0.011898
0.001350
0.003080
-0.005559
-0.005571
-0.006614
-0.000889
0.008202
-0.002815
0.004364
-0.002854
0.013152
-0.003326
0.006658
0.003440
-0.005810
0.007557
0.005908
-0.001061
0.029354
0.009482
0.007691
-0.003982
0.005078
-0.012161
-0.001897
0.001865
0.001477
-0.003749
0.002606
0.002125
0.001759
0.000351
-0.007855
-0.002989
0.006524
-0.007915
-0.002582
0.006365
-0.000580
-0.002903
-0.009766
0.015282
0.018189
0.022733
0.014963
-0.008832
0.001804
-0.003990
-0.003740
-0.003423
-0.005254
-0.011158
-0.007392
0.006330
-0.006468
-0.006977
0.003508
0.001723
0.018880
-0.002608
-0.003249
-0.002383
0.006522
-0.008595
0.001495
-0.001288
0.018282
0.015891
-0.011126
-0.010664
-0.002524
0.004424
-0.005083
0.003825
0.005984
0.009027
0.012859
0.002018
-0.024405
0.006991
0.003742
0.011570
-0.006185
0.001065
0.001565
-0.005675
0.002708
-0.002339
-0.019815
0.008533
0.004030
0.005163
0.010223
-0.006284
0.013948
-0.009656
0.017830
-0.000244
-0.008853
0.003767
-0.014415
0.014652
0.006100
0.012502
-0.002004
0.014818
0.007076
0.008213
0.011800
-0.016549
-0.004325
-0.013940
0.000777
-0.000490
0.002250
0.001663
-0.000680
-0.009807
0.001268
0.014054
-0.001621
-0.010136
0.011100
-0.005822
0.014345
-0.000962
0.000488
0.010120
-0.005020
-0.014442
-0.000333
0.010537
-0.000639
0.001908
-0.008427
0.014950
0.008545
-0.003377
-0.032052
0.014875
0.007083
0.003702
-0.003936
0.001916
0.016975
-0.002823
-0.009060
0.003871
-0.007954
0.003194
0.001713
-0.003768
0.010804
-0.001756
-0.000484
-0.000783
-0.006716
0.000213
0.003045
-0.005470
-0.003859
0.017852
-0.010401
-0.006395
0.003506
-0.002058
0.003268
-0.002942
0.004718
0.010522
-0.001337
0.002418
-0.003700
-0.000648
0.016501
0.007701
0.016677
-0.020808
-0.017475
-0.005187
0.019651
-0.001367
0.007029
-0.017235
0.003352
0.000083
0.001193
-0.013230
-0.025207
0.004194
-0.003352
-0.006804
-0.000325
0.001585
-0.001172
0.006644
0.000822
-0.003007
0.011172
0.001705
0.003821
0.010272
-0.006288
-0.016180
-0.013494
-0.005437
0.014154
-0.001193
0.015172
-0.003851
0.016167
-0.001264
0.016516
-0.004824
0.015140
0.014847
0.012881
-0.024332
0.036266
0.000845
-0.002532
-0.006313
0.001812
-0.008116
-0.001693
-0.003517
-0.002616
-0.021085
-0.005985
-0.000971
-0.005109
-0.010975
-0.002609
0.011874
-0.003132
0.005846
0.003005
0.034131
-0.019509
0.001027
-0.001340
-0.002496
-0.007373
0.002363
-0.001598
0.013499
-0.003378
0.001022
-0.011177
0.002385
0.007917
-0.016562
-0.010164
0.010062
-0.003914
0.007858
0.007438
-0.003182
0.006432
0.000319
-0.026052
0.007242
0.010857
-0.007148
0.019407
0.008321
-0.004209
0.005091
0.000429
-0.014241
0.001586
-0.000315
0.014677
-0.015493
0.004358
0.002856
-0.006603
0.000119
-0.008996
0.009707
0.005586
0.011178
-0.005818
0.012272
0.004144
-0.009943
-0.000896
0.011616
0.005350
0.000211
0.007515
-0.040408
-0.011693
-0.005786
-0.001572
-0.012251
-0.003466
0.001823
-0.001615
0.018489
-0.014768
-0.011587
0.008676
-0.004241
0.013181
-0.006292
-0.014631
-0.018233
0.008264
-0.017859
0.007968
-0.029265
0.044811
0.001824
0.022186
0.004074
-0.014177
-0.020318
0.002688
0.005543
0.009459
0.006544
-0.000673
-0.005080
0.002117
0.006453
-0.012352
-0.006780
0.002360
0.006259
-0.005060
0.003053
0.002230
-0.002093
0.022688
0.001920
-0.007600
0.004680
-0.012182
0.000015
0.003194
-0.010388
-0.007313
0.003430
-0.009905
-0.005566
-0.007840
-0.014927
-0.007229
-0.008334
-0.009521
-0.003196
-0.005335
0.004551
-0.000220
-0.010600
0.010791
-0.003054
-0.024187
-0.001354
0.006188
0.013380
-0.001325
0.002775
0.002620
0.002068
0.020478
-0.003375
0.006545
0.017422
-0.010035
-0.018489
0.010972
-0.015484
0.011830
0.011115
0.011138
-0.006834
-0.015339
0.004464
0.005119
0.009140
0.000937
-0.006615
0.006125
-0.005221
0.003834
0.010675
0.016837
-0.002685
0.011092
0.012183
0.004947
-0.005491
-0.004374
-0.006345
0.004898
-0.006187
0.006321
0.008027
-0.003141
-0.000713
-0.019195
-0.008312
-0.014024
0.002986
-0.001096
0.005072
-0.005156
-0.003673
-0.000548
0.009659
0.004235
-0.001624
-0.001098
-0.013723
0.003981
0.004565
-0.003265
-0.006208
0.000031
-0.006003
0.000277
-0.006903
-0.005463
0.005052
-0.002418
0.005604
-0.000270
-0.005935
0.001682
-0.004173
0.005939
-0.002975
-0.006016
0.004535
0.002026
0.008712
0.001691
-0.000113
-0.008040
-0.001752
0.000162
0.019989
-0.001764
0.008011
0.006009
-0.014238
0.003062
-0.011573
-0.045152
0.012823
0.002336
0.000554
0.001259
0.006018
-0.001818
0.007315
-0.014868
0.002575
-0.010572
-0.009308
0.002887
-0.000913
-0.016465
0.005982
-0.005334
-0.000528
0.001412
0.007851
-0.010033
0.020257
0.008286
-0.006126
-0.002152
-0.001795
-0.002229
0.000957
-0.018328
-0.011743
-0.000732
0.015196
-0.007330
0.004688
-0.007320
-0.010271
-0.006455
0.006571
-0.012722
0.021586
-0.001812
0.005562
0.009660
-0.004740
0.003750
0.023798
0.001824
0.016758
-0.015095
-0.025563
-0.008190
0.008380
0.016261
0.005151
-0.008993
-0.001906
0.018253
-0.003661
0.019713
0.021993
-0.010403
0.008061
0.008044
-0.002223
-0.008397
0.007540
-0.009346
0.015121
-0.010111
-0.000082
-0.007887
0.002707
-0.028312
-0.001670
-0.004233
0.007792
0.012084
0.000238
-0.009337
0.009161
-0.020388
-0.001193
0.000182
-0.013927
-0.003765
0.009490
-0.014957
-0.004448
0.000607
-0.004109
0.008825
-0.008282
-0.000500
0.005188
0.005524
-0.018236
0.001241
0.006560
-0.004561
-0.002288
0.016029
0.001829
0.001625
-0.013581
-0.001795
-0.017256
-0.015112
0.000545
-0.002785
0.008216
0.014159
-0.016243
-0.014881
-0.004964
-0.010346
0.005566
0.003422
0.007630
0.005442
0.008160
-0.011703
-0.006597
-0.001311
-0.000393
0.009694
0.000690
-0.011287
-0.004437
0.002727
0.017253
0.004680
0.001293
-0.004329
-0.007375
-0.007179
0.017137
0.008836
-0.002974
0.004977
-0.006200
-0.006223
-0.006104
-0.001502
0.010574
0.006029
-0.005568
-0.002864
-0.011496
0.000597
-0.004195
-0.007490
0.003382
0.001171
0.006695
-0.005622
0.007450
-0.000365
-0.008189
-0.005135
-0.009613
0.005868
0.011940
0.001538
-0.007820
-0.011550
0.006768
-0.003007
0.008355
0.003336
-0.000098
-0.015823
-0.000089
-0.000021
0.011704
-0.007713
0.005318
0.005700
-0.008519
-0.003506
0.000766
0.007939
-0.002088
0.010628
0.010900
-0.002050
-0.011150
-0.029150
-0.007470
0.024052
-0.001162
-0.006091
0.007674
0.009093
-0.015636
-0.001398
-0.003825
-0.000477
0.005864
-0.007832
0.017101
0.015229
0.003668
0.010660
0.005616
-0.009471
-0.017088
0.008007
-0.000728
0.005598
-0.013869
0.003510
0.004756
0.013451
0.020957
0.024695
0.011233
-0.010154
0.016955
-0.006148
-0.000171
-0.000667
-0.006210
-0.008277
-0.002906
0.014483
-0.011838
-0.007139
0.004889
-0.006571
-0.006889
-0.001554
-0.011789
-0.010599
0.014172
-0.012155
0.031604
-0.032055
-0.000439
0.005417
-0.002423
0.006916
-0.001205
0.006981
-0.002370
0.004481
0.014905
-0.007449
-0.015405
0.002410
-0.004424
-0.015058
0.029066
0.028340
0.010251
0.000625
-0.002264
0.005240
-0.024253
0.012821
-0.005032
0.000170
0.003312
0.003107
0.004730
-0.006455
-0.004227
-0.019098
0.005598
0.003016
-0.009355
0.005654
-0.004942
-0.003526
0.010280
-0.001784
0.006874
-0.011541
0.003694
-0.019292
-0.003502
0.009971
0.006288
0.000378
-0.007333
0.003523
-0.004049
0.003538
0.001224
-0.001833
-0.006332
0.004867
-0.003530
-0.001459
0.013467
-0.002630
-0.001986
0.015770
-0.016917
-0.009324
-0.026437
0.017949
0.012783
0.001722
-0.029763
-0.034243
-0.002012
-0.001946
0.004653
-0.012068
-0.002224
0.016381
-0.005982
0.008492
-0.003282
0.001218
0.002547
0.002612
-0.005427
0.001293
-0.004361
0.000217
0.019013
0.019625
-0.003622
-0.008540
0.000415
-0.007718
0.016773
-0.004234
-0.001776
-0.017056
0.005442
-0.000509
-0.001312
-0.003360
-0.009949
0.000638
-0.000962
0.009688
0.004535
0.007546
0.010826
0.008144
0.008570
0.012947
-0.003483
0.017227
-0.003919
-0.027504
-0.003908
-0.003016
0.015150
0.013702
0.003919
-0.004170
0.003856
0.002119
-0.008421
0.003366
0.006017
0.004781
0.009359
0.014288
0.002130
0.002581
-0.000394
0.000992
0.008980
0.003519
0.001010
-0.001547
-0.010527
0.013007
-0.006105
-0.003837
-0.003812
0.012023
0.011767
0.004210
-0.005332
-0.013567
-0.008957
0.002590
-0.006813
-0.006477
-0.008951
0.010810
0.004823
-0.004315
-0.002621
-0.007072
0.004933
-0.008583
-0.014632
-0.002741
-0.003498
-0.006529
0.006347
0.002946
-0.002990
-0.021963
0.005998
0.025184
-0.000994
-0.009726
0.001363
-0.001707
0.011517
-0.000174
0.014696
-0.000640
0.013316
0.001244
-0.002942
0.013127
-0.000291
-0.019675
0.019496
0.008776
-0.003186
0.006793
0.006071
0.002150
-0.002120
-0.008232
0.004814
0.003714
-0.007220
0.008981
0.001702
-0.001340
-0.006341
0.012808
0.006374
-0.004377
-0.004195
-0.016928
0.009737
0.009804
0.011141
0.011134
-0.008173
0.008573
0.003122
0.007941
-0.020710
-0.022895
-0.023755
0.007462
-0.009298
0.003533
-0.017928
0.000342
0.009314
-0.004727
-0.001267
-0.007432
-0.004487
0.011673
-0.007910
-0.012620
-0.012312
0.008437
0.008887
-0.002193
0.010088
0.003346
0.013362
-0.017356
-0.005089
0.008571
-0.007833
0.013095
-0.009799
0.019530
0.019420
0.018840
0.002335
-0.003678
0.006145
0.006715
0.003520
0.007006
-0.001175
0.034249
0.002418
0.003377
-0.006898
-0.013418
0.001201
-0.005173
-0.001951
0.019794
-0.011630
0.019330
0.010611
-0.000188
0.001928
-0.003727
0.003780
0.009008
0.009481
0.004704
-0.015369
0.013652
-0.045344
-0.006742
0.004004
0.014330
0.022542
0.002505
0.011389
0.011139
-0.014420
-0.009325
0.007270
0.003973
-0.020081
0.001186
0.004315
-0.003847
-0.012322
-0.007847
0.015321
-0.032292
0.022038
0.022366
-0.008140
-0.004054
-0.012011
-0.001221
-0.004988
0.001438
0.003856
0.007413
-0.002710
-0.002668
-0.002292
0.003216
-0.000600
0.004005
0.008654
0.003020
-0.007157
-0.010108
0.000622
0.012457
0.020201
0.018329
-0.002256
-0.012807
0.000096
-0.001673
-0.006638
0.016949
0.006411
0.004401
-0.018953
0.009425
0.010093
0.000024
-0.000223
0.004246
0.000515
-0.001674
0.002015
-0.011683
0.003798
-0.001650
-0.004007
-0.001224
-0.016663
-0.006511
-0.003448
-0.001000
-0.020026
0.010787
-0.007673
0.008856
-0.002079
0.005018
-0.014141
-0.007777
0.005756
0.012687
-0.003324
-0.010813
-0.007551
0.014119
-0.007679
0.007803
0.021151
0.006753
-0.006017
-0.001053
0.002617
0.000212
0.000510
0.000743
-0.001480
-0.010690
0.003859
-0.004544
0.003713
-0.013545
-0.000769
-0.009387
-0.011918
-0.022496
-0.006382
0.000712
0.001706
0.000689
-0.017288
-0.001351
-0.008965
-0.013843
-0.006321
0.018684
-0.007590
-0.004226
-0.014350
-0.004727
-0.002716
0.008461
-0.013525
-0.010040
0.012307
0.009577
-0.004879
-0.013974
-0.006201
-0.007906
-0.007799
-0.003847
-0.007428
-0.022715
-0.008682
0.005712
0.022142
-0.011775
0.018593
0.005646
-0.001393
0.002137
0.004854
0.012414
0.007411
-0.007726
0.001869
-0.009853
0.015877
0.036403
-0.012956
-0.031323
-0.012810
-0.007010
0.002116
-0.006156
-0.005695
0.003633
0.007583
0.004428
-0.001201
-0.021290
0.003635
0.016654
-0.006203
-0.015769
-0.002204
-0.004383
-0.006965
0.006997
-0.010885
0.019216
0.002696
0.006828
0.013854
-0.010338
0.003871
-0.004114
0.001544
0.004616
0.001878
0.004210
0.016022
-0.007354
0.009326
-0.000355
0.001623
0.007661
-0.008564
0.006661
0.003109
-0.002185
-0.004280
-0.012364
0.008920
0.001386
-0.016257
0.008695
-0.008941
-0.015050
0.024281
-0.045173
0.039343
0.006491
0.019767
0.005240
-0.001804
0.007036
0.000646
0.007418
0.013615
-0.004492
-0.011774
-0.003883
0.002037
-0.044531
0.009693
-0.001303
0.008719
0.010055
0.000137
-0.005414
-0.000864
0.001982
0.016251
0.006624
0.010900
-0.024180
0.010251
0.008401
0.005799
0.006846
0.013308
0.005963
0.001582
-0.002147
0.003926
0.004476
-0.000499
0.005582
-0.014179
-0.003018
0.008240
-0.003586
-0.001389
0.000403
-0.004483
-0.005551
0.000238
-0.010909
-0.008515
0.012390
0.000421
-0.003300
-0.004277
0.011078
-0.012387
-0.009027
-0.021156
-0.007240
0.001807
0.000318
-0.006240
-0.006884
-0.008041
0.005325
-0.014461
-0.012994
0.010432
0.002575
0.013345
0.000032
-0.001213
0.017295
-0.003596
0.016590
0.033219
-0.020121
-0.000296
0.003375
0.011326
0.011840
0.002763
0.018181
-0.002985
-0.005853
-0.005234
0.000887
-0.001593
-0.017352
-0.003248
0.007964
0.014138
0.000575
-0.001270
0.000884
0.048378
-0.010877
-0.003659
-0.003895
0.009056
-0.005863
0.007731
-0.008223
-0.004069
0.000104
-0.000599
0.003457
-0.005373
0.008514
0.007586
0.005569
0.000992
0.001433
-0.003871
-0.009278
0.003007
0.010471
0.009698
-0.017205
0.012310
0.005507
0.003977
-0.009236
0.003056
0.006872
-0.010512
0.017706
0.001869
-0.003271
0.008449
-0.000864
0.002926
0.000188
-0.003283
-0.000800
-0.011493
-0.024900
0.008349
0.004834
0.007338
-0.004200
0.000688
-0.002847
0.007664
0.002039
0.002308
0.012194
0.002996
0.008309
-0.011495
0.002526
-0.007466
-0.016469
0.012057
-0.002412
-0.008736
0.000884
-0.000265
-0.008447
0.011970
-0.003802
-0.006052
0.003915
-0.004666
0.013491
0.009937
-0.009803
-0.000462
-0.011298
-0.001629
-0.008758
0.002497
0.006249
0.005269
0.018773
0.014953
-0.000883
-0.012050
0.000771
-0.004361
-0.007521
0.007083
0.005402
0.011808
0.007420
0.011170
0.018377
-0.013391
-0.004547
-0.001236
-0.008606
0.011265
0.007252
-0.002058
0.000755
0.010962
-0.005135
0.008496
-0.004970
0.007012
-0.009808
0.003708
0.000521
0.001854
-0.015763
-0.007720
-0.005153
0.007716
0.012046
-0.020476
-0.000026
-0.002189
0.010428
-0.008211
0.004186
0.002261
0.004895
-0.003972
0.015123
-0.019621
-0.016818
0.007832
-0.008285
0.011856
-0.004227
0.013068
0.006702
0.003177
0.001741
-0.016176
-0.008903
0.001554
-0.007522
-0.017122
0.009132
0.004699
0.010649
0.000415
-0.009109
0.005447
0.001028
-0.014504
0.026026
0.004566
-0.011696
0.010891
-0.000079
-0.010905
-0.008369
-0.013686
-0.002801
0.001163
0.014148
0.009810
-0.011058
-0.004580
0.001634
-0.017507
0.000726
0.003726
-0.012947
-0.004959
0.007646
-0.001976
-0.008966
-0.013659
0.008883
-0.002441
0.006320
-0.004371
0.000822
0.009578
-0.006866
0.008318
0.003053
-0.002728
0.010697
0.003860
0.010440
0.010108
-0.003825
-0.004077
0.012364
0.030340
-0.013042
-0.018823
0.004312
-0.000612
-0.007438
0.009653
-0.008360
-0.014937
0.003746
-0.015031
0.007255
-0.002691
-0.015514
-0.008983
0.006941
-0.004176
-0.000338
0.003054
0.012934
0.001653
0.008891
0.006608
-0.026199
-0.030770
0.004111
-0.003156
0.000777
-0.017221
-0.001026
-0.013627
0.005627
0.022970
0.006253
0.004770
-0.007478
0.004260
-0.003958
-0.002726
0.008999
0.007212
-0.004985
-0.001506
-0.022627
0.021820
0.017044
0.028446
-0.004500
0.011760
-0.005123
-0.002032
0.006168
0.011334
-0.016399
0.011847
0.024384
0.013373
0.004894
-0.018227
-0.000408
-0.014510
0.012535
0.016265
-0.015429
0.003677
-0.011149
-0.002608
-0.006118
0.003298
-0.005041
-0.003408
0.001008
0.003297
-0.011397
0.002107
-0.002020
-0.002821
0.004341
0.013606
-0.008189
0.010532
-0.001010
-0.013907
0.000136
-0.023791
-0.010718
0.003707
0.009136
-0.006696
0.013150
0.006652
0.010727
0.003876
0.021069
-0.020248
0.003718
-0.018408
0.002028
0.012397
-0.013369
0.004257
0.007626
0.008888
-0.016689
-0.005291
-0.006011
-0.001448
-0.000353
0.001149
0.000992
0.004534
0.008064
0.003166
-0.002923
-0.017959
-0.011531
0.012143
-0.004266
-0.001028
-0.000921
-0.007954
-0.007722
-0.003479
-0.002470
-0.005165
0.008456
-0.013234
-0.006095
-0.005952
0.006474
-0.013514
0.017329
-0.007177
-0.006255
-0.015392
0.017298
0.011161
-0.008953
0.001502
0.014861
0.015412
0.002053
0.003803
-0.007528
0.005704
0.009196
0.000157
-0.003002
0.015824
0.004058
-0.005454
0.006256
0.014149
-0.001467
0.000554
-0.013429
0.009011
-0.001129
0.006069
-0.000044
-0.001542
0.001418
0.019390
0.013542
-0.005678
-0.005138
0.004077
-0.003561
0.002452
0.007719
0.022236
0.008142
-0.008325
0.002002
0.011004
-0.003386
-0.008334
0.001952
0.020555
-0.004813
-0.001974
-0.002774
0.008627
0.011202
0.010537
-0.021256
0.009295
0.004509
-0.005666
0.004993
-0.002294
-0.013762
0.022471
0.004237
-0.013553
0.002975
0.009412
0.031884
0.013888
0.006081
0.009961
0.002212
0.000262
0.004990
-0.015462
0.007942
-0.002007
0.007018
-0.000020
-0.006571
0.015866
0.005524
-0.032552
0.032393
-0.010143
-0.018118
-0.008582
0.007966
-0.009143
-0.000481
-0.005687
0.008395
0.006338
0.014707
0.004820
-0.009198
0.002489
-0.007617
0.009109
0.001959
-0.008969
0.008586
-0.008352
0.010001
0.001960
-0.015505
0.003550
-0.000693
0.001029
0.016378
-0.010498
-0.002823
-0.003821
0.016332
0.007607
-0.007608
-0.005253
0.008026
-0.000338
0.001949
-0.013608
0.011272
-0.016002
0.010294
0.003709
-0.004337
0.006188
0.001650
0.005534
-0.003770
0.002589
0.007960
-0.001769
-0.016620
0.005793
0.026313
-0.005187
-0.009312
-0.006901
-0.002940
-0.005534
-0.009623
0.004302
0.003614
0.028635
0.010205
-0.004451
0.000341
-0.012173
0.008245
0.025054
0.009693
-0.006645
-0.003069
0.000763
0.005714
0.010323
-0.011140
-0.000245
-0.004651
0.026419
0.006292
0.004488
0.005263
0.005797
-0.015375
0.000644
-0.007701
-0.013892
0.000215
-0.002091
0.005325
0.052623
0.001965
-0.003833
-0.004936
0.003829
0.007451
-0.000204
0.000066
-0.001262
-0.003691
0.013014
0.005334
0.007707
0.002279
0.008624
0.001183
-0.021493
-0.002068
0.013931
0.011233
0.009239
-0.018529
-0.010570
-0.005871
0.001616
-0.015122
0.006754
-0.008612
-0.012205
0.007382
-0.012181
0.030024
0.034663
-0.025208
-0.035911
-0.033174
-0.006733
0.014103
0.009316
0.010176
0.007218
0.006716
0.000528
-0.006646
0.000431
0.009021
-0.012654
0.000944
-0.012321
0.009455
0.009277
0.005807
0.006359
-0.004277
-0.003366
0.014212
0.015801
-0.007553
-0.012728
0.001262
-0.008538
0.006339
0.002761
0.013014
-0.009514
-0.006683
0.004645
-0.005307
-0.003546
0.006229
0.002755
-0.005339
-0.004293
-0.008466
-0.002714
-0.005468
0.017607
-0.001884
0.021990
0.003014
0.004683
0.005002
0.004553
-0.019106
-0.011049
0.012208
-0.010920
0.001738
-0.014529
0.001078
-0.005462
-0.012563
0.007982
-0.000863
0.001975
-0.013559
-0.010478
0.013394
0.000054
0.002941
0.010370
-0.006048
0.019090
0.010809
-0.013176
0.012937
0.005926
0.000416
-0.003922
-0.012019
0.013922
-0.012798
0.000597
-0.011857
-0.000475
-0.005872
0.004372
0.002098
0.004628
0.003332
0.012448
0.000521
-0.005135
0.000838
-0.006576
-0.001166
-0.005110
-0.002775
-0.001397
-0.008270
-0.000070
0.011336
0.006666
-0.004622
0.009929
0.003264
0.008552
0.009292
0.003671
-0.004897
-0.006669
-0.008125
0.006167
0.002584
0.001925
-0.000832
0.000875
0.002140
-0.014219
0.009190
0.008029
-0.008557
0.011344
0.007773
-0.003193
0.002111
0.010071
0.004932
0.015733
0.009965
-0.015647
-0.003886
-0.004225
0.004203
-0.002750
-0.010926
-0.011118
0.012172
0.011518
-0.002453
0.005078
-0.002777
0.002382
0.005417
-0.008137
0.009402
0.005606
0.005177
0.010197
0.003132
0.000342
0.004148
-0.009712
0.001748
-0.002256
0.019174
-0.006534
0.020518
0.008853
0.009105
-0.003910
0.002291
-0.015177
-0.014193
0.002006
0.008789
0.006440
0.007841
0.014934
0.011400
0.006150
0.004067
-0.005534
0.010309
-0.005716
0.004021
-0.004114
0.005230
-0.006440
0.022516
-0.001235
0.016383
0.004251
0.002669
0.004642
-0.019057
0.008932
0.011944
-0.002772
-0.003598
0.008549
-0.006733
-0.004167
-0.004235
0.000744
-0.005366
0.008702
0.001204
-0.002421
-0.019435
0.007330
0.005153
-0.003294
-0.007332
0.010184
0.009400
-0.012307
0.003637
0.003682
-0.010285
-0.000737
-0.004225
0.019275
-0.014445
-0.008488
-0.007560
0.009791
-0.005010
-0.012474
0.001054
0.000223
0.004701
0.006279
-0.007478
0.011087
-0.001660
0.013037
-0.013856
0.000208
0.003128
-0.010926
0.005179
0.001704
0.006294
0.001419
-0.003899
-0.016749
-0.002071
0.001127
0.002859
-0.011786
0.003924
0.008216
0.006321
-0.000748
-0.006366
-0.003340
0.000975
0.015949
0.017207
-0.011564
0.010570
0.007548
-0.003183
0.001280
0.005542
-0.007200
0.006525
0.000506
-0.000208
0.009436
-0.005579
-0.019048
0.009167
0.002380
0.007887
0.003178
-0.007147
0.010637
-0.009860
0.000753
0.017213
-0.007600
-0.001500
0.000315
0.009160
-0.010755
0.005238
-0.026380
0.011025
-0.010671
0.000507
-0.007832
-0.003590
0.012195
0.015578
0.004833
-0.016961
-0.001132
0.013976
0.008419
-0.002486
-0.002075
-0.001381
0.007481
0.000098
0.005817
0.007805
-0.005579
0.003900
0.006648
0.004462
0.003523
0.004419
-0.016363
0.007267
-0.016658
-0.003586
-0.012308
-0.009041
0.016135
-0.010358
-0.007564
-0.000224
0.011961
-0.008110
0.001044
-0.017920
0.009975
-0.003907
-0.009587
-0.007410
-0.002819
0.004679
0.000601
-0.013217
-0.011598
0.008325
-0.010088
0.018584
0.001528
-0.018599
0.004408
0.004718
0.009425
0.010705
0.016884
-0.013336
0.006760
-0.001803
-0.004915
-0.003728
-0.008387
0.015286
-0.016164
-0.004443
0.006739
-0.006538
0.001703
0.009502
0.027547
-0.016108
0.008070
-0.009133
-0.002381
0.007177
-0.005257
-0.004915
-0.015954
-0.002640
-0.021957
0.031613
0.015472
0.017043
-0.000063
0.015672
-0.005623
0.015403
-0.005530
0.008570
0.018415
-0.008238
0.000377
-0.001058
0.024750
-0.001482
0.007910
-0.000464
0.003774
0.006191
0.005830
0.006771
-0.003860
0.000415
0.002859
-0.002687
0.013223
-0.011225
0.003866
0.008623
0.005081
0.003547
0.002419
-0.008722
-0.006366
-0.009099
0.006835
-0.019803
-0.002376
-0.015482
0.014007
0.011193
-0.002996
-0.004753
-0.001370
-0.008941
0.007354
-0.008312
-0.015400
-0.015891
-0.028200
0.000600
0.010309
0.007276
0.003860
0.004454
0.020982
0.004204
-0.015651
0.013806
-0.011321
0.011125
0.010054
-0.003391
-0.003812
-0.000426
-0.020509
-0.008693
0.006031
-0.001311
0.000801
-0.016602
0.011235
-0.004839
0.008722
0.007879
0.021789
0.008910
-0.008345
-0.000768
-0.001176
-0.007968
0.008405
0.002081
0.012109
0.005437
-0.006208
0.013426
-0.010170
0.014527
0.005863
0.008277
0.002155
-0.002064
-0.018128
-0.013187
-0.008673
-0.004631
-0.010119
-0.002215
-0.003694
-0.009428
0.006700
-0.007131
0.017833
-0.008125
0.027460
-0.019084
-0.051187
0.024094
-0.003564
0.006450
0.003375
-0.001830
-0.002220
-0.005304
0.012723
0.014071
0.007670
0.010522
-0.009674
0.008611
-0.012393
0.000531
0.005257
0.007177
0.008684
-0.010088
-0.014874
0.001754
0.000696
0.008974
0.003926
0.004335
-0.003100
-0.004147
-0.001123
-0.005132
0.012510
0.010563
0.002834
0.007995
0.004732
-0.008639
0.007522
0.006389
0.007432
-0.000774
0.005000
-0.007522
-0.005411
-0.000673
0.003973
-0.004761
0.004074
0.017295
0.003578
0.018679
0.017744
0.006652
-0.014501
0.003869
0.002368
-0.012705
-0.009460
0.002914
0.003737
0.015568
-0.018590
0.000331
0.035297
0.011057
-0.009351
0.006255
-0.003639
-0.001111
0.002137
0.009975
-0.012253
-0.016952
0.009821
0.003669
-0.002116
0.001358
-0.009067
0.009903
-0.004251
0.004697
-0.001630
-0.002588
0.012277
-0.011399
-0.009746
-0.002921
0.004352
-0.006893
0.002961
0.002066
0.004825
-0.005918
-0.027786
0.011576
0.004342
-0.007052
-0.012852
-0.007667
-0.009134
0.017741
-0.007973
0.003346
0.011964
0.004839
-0.002727
0.010554
-0.001244
0.005319
0.004150
-0.001017
-0.001327
0.002367
-0.009160
0.000193
-0.012129
0.001012
0.007572
-0.003447
0.000203
0.009827
-0.008961
-0.009761
0.032705
0.017888
-0.007760
0.006817
-0.006548
-0.015529
0.019377
-0.000556
0.011427
0.002094
0.000077
0.005778
0.003545
-0.010499
-0.000902
-0.016284
-0.011225
0.010511
-0.007809
-0.010803
-0.000775
-0.005608
-0.002672
0.028085
0.004538
-0.017208
0.007203
-0.005523
0.003809
0.012955
0.006204
-0.007214
-0.015537
0.003263
-0.009373
0.012908
0.013356
-0.010239
-0.003821
-0.010024
-0.008063
-0.008554
0.015012
-0.000777
-0.004869
0.014070
-0.020903
-0.005765
-0.009799
-0.022209
0.004889
-0.003784
0.005147
-0.009015
0.003501
0.014704
-0.003300
-0.006861
-0.010870
0.005724
-0.000015
0.009472
-0.002675
-0.008039
-0.002185
0.006855
0.015129
0.005550
-0.000530
-0.000813
-0.002688
0.005579
0.003280
0.004535
-0.015435
-0.015092
-0.003605
-0.004115
0.000657
-0.008580
-0.006316
-0.004149
-0.006760
0.018906
-0.007003
0.003693
-0.002682
-0.006533
0.002007
-0.011905
0.001742
-0.007692
-0.010809
0.015040
0.005785
0.002769
0.010036
-0.003619
-0.000194
-0.009169
0.001328
-0.010189
0.012127
-0.001944
-0.001559
-0.008852
0.001346
-0.000177
-0.007925
0.006907
-0.000172
0.019578
0.008225
-0.005121
-0.004367
0.002954
0.022678
-0.000583
-0.001488
0.024830
0.004418
-0.015200
-0.008992
-0.008709
-0.007864
0.004038
-0.006182
0.014861
0.007531
0.001772
-0.010251
-0.000722
-0.002015
-0.001117
0.014426
-0.000874
-0.009181
-0.012647
-0.020371
0.019000
0.001589
-0.002742
0.000047
-0.000069
0.015270
0.003562
-0.010409
-0.008888
-0.021618
0.011808
-0.003823
-0.002830
0.008144
-0.008250
0.003899
0.000669
0.016553
0.014719
0.005725
0.005428
0.000243
0.003786
-0.003414
-0.009186
-0.001882
-0.006550
-0.007485
-0.008279
0.007289
-0.010618
0.012707
0.014197
0.007444
0.008459
0.001328
-0.006449
-0.013701
-0.001673
-0.004263
0.005053
-0.006389
0.022287
-0.008018
0.009854
-0.002747
-0.004266
-0.012457
0.025024
-0.007157
-0.000024
-0.011213
0.003123
-0.000273
0.021331
-0.014137
0.008432
0.016798
-0.004271
0.020956
0.000815
-0.003836
-0.011459
0.006214
0.000940
-0.012522
-0.000140
-0.005355
-0.024303
0.036716
0.005814
-0.016015
0.002407
-0.018213
-0.004124
0.006862
0.008328
0.000327
-0.020843
-0.002710
-0.003201
-0.008688
-0.008818
0.007850
0.007928
-0.009244
-0.007802
-0.018245
0.006579
0.000480
-0.008975
0.008027
-0.004240
-0.019770
-0.004274
-0.001492
0.001554
-0.017320
0.004155
-0.000672
-0.003313
0.009014
0.010515
-0.005525
-0.001341
-0.001024
0.036337
0.005213
-0.023134
0.009062
-0.005666
-0.002621
-0.013069
-0.004271
-0.005518
0.009908
0.002302
-0.004915
0.000515
-0.008327
-0.014135
0.005112
0.010619
0.009123
-0.010258
0.005274
0.006283
-0.010755
-0.002599
0.005154
0.014152
-0.002984
0.003413
-0.001354
0.006034
-0.014851
-0.001674
0.004638
0.007486
-0.005372
0.006123
-0.002392
-0.001125
-0.003844
-0.022166
0.005318
0.002315
-0.001554
-0.000932
-0.004748
0.011976
0.011250
0.003709
-0.013243
0.007529
0.011828
-0.000043
0.013240
-0.010408
-0.010234
0.002029
-0.002908
-0.011472
0.002911
-0.003283
0.003314
0.002004
-0.002800
0.002981
-0.005894
-0.004442
0.003379
0.007146
0.008554
0.002565
-0.011799
0.001663
-0.018610
-0.008578
0.013000
0.002531
-0.020023
-0.002326
-0.002215
0.004609
0.009620
-0.003918
-0.008194
-0.004579
0.017360
0.005699
-0.000467
-0.001488
0.010643
0.009014
-0.019214
-0.010794
0.002172
0.001756
0.004300
-0.000422
0.014428
0.009207
-0.009418
0.015260
0.008509
-0.006191
0.019411
-0.011515
-0.010674
0.003255
-0.038119
-0.009969
0.007747
-0.007632
-0.010404
-0.009247
-0.008488
-0.001201
-0.023734
0.010456
0.005306
0.005881
0.004063
-0.001092
0.019352
-0.001918
-0.010245
-0.006087
-0.018964
0.007835
0.004474
0.012628
0.005979
-0.009060
0.006306
-0.002205
-0.015335
-0.004691
-0.013552
0.010720
0.017588
-0.005666
0.007592
0.012872
0.004007
0.001446
-0.014220
0.007453
0.009965
0.011961
0.004819
0.002498
0.002778
-0.001783
0.002234
0.004380
0.009410
0.012234
0.004380
0.002442
0.002311
-0.013777
-0.000777
-0.009291
0.020347
-0.004002
-0.004410
-0.011390
-0.000864
-0.003560
-0.014410
0.000097
-0.012417
0.006817
0.009613
-0.009201
-0.003488
-0.000022
0.003632
-0.004175
0.014513
-0.004256
-0.007085
0.007257
-0.001551
-0.004167
0.006002
-0.005830
0.003465
0.017384
0.005411
0.002737
-0.012999
0.014549
-0.001455
0.003898
-0.005199
-0.012985
-0.012956
0.009998
0.016651
-0.013371
0.002705
0.009582
-0.006321
-0.005655
-0.005161
-0.010148
0.011758
-0.009191
-0.017977
0.004075
0.005803
-0.001162
-0.025735
0.000555
-0.002621
0.013270
0.002259
-0.018453
-0.004666
0.010050
-0.015442
0.031855
0.013959
0.008320
0.001760
-0.002720
-0.016124
-0.001053
0.010218
-0.006118
-0.008665
0.015970
0.005203
-0.010401
-0.000079
0.003171
0.003900
0.001105
-0.007786
-0.005705
0.002653
-0.000006
0.003843
0.002050
0.002584
0.013692
-0.004194
0.008292
0.001128
0.004037
-0.001147
-0.018938
0.011468
0.003981
0.007490
0.003421
0.003636
0.007042
0.007466
0.005249
0.008198
0.009175
-0.004418
0.001369
0.002961
0.008992
0.004657
0.001241
0.007557
-0.000939
-0.011309
-0.004410
0.010711
-0.001251
0.006906
0.031600
-0.015998
0.004109
-0.004353
-0.017187
-0.002540
-0.009830
0.003316
-0.011497
-0.011781
0.003729
0.004455
-0.001499
0.013027
0.007110
-0.017546
0.001200
-0.013419
-0.005583
-0.006577
-0.016097
-0.008456
-0.002601
0.001137
0.008137
0.003331
-0.007663
-0.004254
-0.003050
0.005770
0.009810
-0.013812
0.004291
0.005101
-0.001678
0.003477
0.006793
-0.002073
-0.007984
-0.001227
-0.012005
-0.000104
0.002784
-0.004713
-0.003968
0.003488
0.000566
-0.007409
0.010397
-0.007032
-0.002186
-0.000484
-0.000449
0.009141
-0.001343
-0.005069
-0.004959
-0.002581
-0.005561
0.008739
0.007038
-0.011494
-0.005779
-0.002795
-0.004607
-0.008628
0.012837
0.000734
0.006927
0.009923
0.013495
-0.003093
0.002111
-0.003627
0.000632
0.000165
0.006991
0.000148
-0.007208
-0.005425
-0.005206
-0.009285
0.000758
0.005628
-0.004963
-0.008682
0.008960
-0.023630
-0.007130
-0.001403
0.020918
-0.003248
0.010243
-0.001201
-0.012498
-0.003995
-0.007794
0.006968
-0.023145
0.013415
-0.008959
0.010398
-0.001592
0.008053
-0.004171
0.002737
-0.007136
-0.005750
-0.005698
0.006615
-0.001484
-0.005979
0.013150
0.003487
0.007760
-0.002941
0.015777
0.007426
0.004331
-0.003327
-0.009057
0.000659
0.012803
-0.010726
-0.010387
-0.000642
-0.007884
-0.004087
-0.001598
0.006420
-0.004471
-0.004234
-0.003393
-0.012723
-0.002974
0.003773
0.012512
0.015233
-0.002082
0.012673
0.014887
0.015402
0.001606
0.007614
-0.003822
-0.002091
0.007977
-0.013223
0.002028
0.004058
-0.003967
-0.018047
-0.003140
0.007333
0.004858
-0.011640
-0.004653
-0.007269
0.016581
0.006732
0.018437
0.012253
-0.001260
-0.004923
0.011896
-0.001682
0.011907
0.009723
-0.006408
-0.000536
0.000575
0.012036
0.008700
-0.009900
0.000692
-0.007365
-0.004130
-0.014567
0.024504
-0.012697
0.009458
-0.004971
-0.001920
0.008569
-0.004645
-0.004715
-0.009325
0.002381
0.008999
0.000538
0.003158
-0.008290
-0.014316
-0.016251
0.017864
0.019883
-0.002570
-0.013220
0.005893
-0.021134
0.003058
0.006883
-0.009317
-0.003883
-0.006478
0.002552
0.011663
0.007504
-0.007509
-0.010216
-0.017222
0.013621
0.000307
0.003825
-0.027695
0.010468
-0.013837
-0.002742
-0.017677
0.011251
-0.003914
0.002369
0.007091
-0.002531
0.012753
0.006907
0.007721
0.007703
0.006220
-0.011012
-0.003556
0.000528
0.005836
-0.012069
-0.005081
0.000351
-0.000640
0.011811
0.010105
-0.013526
0.035656
-0.029977
0.020129
0.018157
0.003841
0.007260
0.009058
0.003119
-0.005863
-0.006895
-0.032903
-0.009062
0.012332
-0.001853
0.000053
-0.012060
-0.007770
-0.005638
0.011729
-0.006983
-0.004671
0.005488
-0.000238
-0.003632
-0.000777
0.000648
-0.017332
0.009409
0.003828
-0.007499
0.023255
-0.002774
0.002883
-0.003742
0.008966
-0.000276
-0.013618
0.001520
0.005194
0.000302
0.012813
0.002296
0.013068
0.001891
-0.001611
0.004418
-0.003030
-0.006002
0.000033
0.018958
0.012116
-0.014158
-0.001813
-0.002613
0.010410
0.018433
0.020830
0.008888
0.009723
-0.010996
0.013549
-0.000955
0.007470
0.023834
0.011123
0.006841
0.007938
-0.006618
0.012562
0.003071
0.009144
0.006618
0.002412
0.016863
-0.010787
0.009743
0.016163
-0.004806
-0.008592
-0.004953
0.013934
0.010993
-0.004747
-0.006029
0.006730
0.014099
0.000121
0.002513
0.003117
-0.009393
-0.012053
-0.018442
0.006931
0.002166
-0.012462
0.005677
0.000328
0.002870
0.007989
-0.005941
0.004648
0.000793
0.017918
-0.015296
0.002564
0.007264
0.002055
0.008128
-0.003775
-0.003444
0.008467
-0.004222
0.000245
-0.002153
-0.008799
-0.016430
-0.007864
-0.006617
0.002826
-0.005157
0.005114
0.007311
-0.007386
0.005837
-0.012973
-0.006088
0.007865
-0.009118
-0.001100
0.005011
0.002787
-0.000436
0.013029
-0.011142
-0.009739
-0.003491
0.019859
-0.010284
0.009397
-0.009213
-0.007100
-0.016741
0.009361
-0.009876
0.001994
-0.000553
-0.002798
-0.001584
0.004651
0.016801
0.010619
-0.004985
-0.013793
-0.019667
0.004598
0.000651
0.013925
-0.011148
-0.002330
0.016494
-0.009055
0.004421
-0.007206
0.000232
-0.002923
-0.000314
0.011671
-0.024163
-0.009529
-0.013852
0.008839
-0.007675
-0.003720
-0.004016
0.004941
-0.000685
-0.000175
-0.003715
-0.012386
-0.000994
-0.000479
0.008659
-0.021885
-0.000800
-0.003247
-0.010711
0.000531
0.008300
-0.007781
-0.000273
-0.008459
-0.011054
-0.004281
0.013245
-0.004069
0.002220
0.004946
-0.003828
0.000118
-0.010458
-0.008003
-0.000044
-0.004721
0.007307
0.006879
0.012602
-0.012369
-0.000357
-0.000612
-0.009627
0.003706
0.003198
-0.014103
0.019784
0.003767
-0.014151
0.011225
-0.008035
0.003546
-0.004751
0.006446
-0.013217
0.000528
-0.000105
-0.001067
0.001120
-0.003137
-0.006745
0.011634
-0.014360
0.008249
0.007511
0.014028
0.009282
0.011582
-0.005457
0.005936
0.013942
-0.014971
0.014235
0.012650
-0.021653
0.019898
-0.018892
-0.002266
0.006023
0.009784
0.000270
0.007104
0.020617
-0.000220
-0.004372
-0.003994
-0.003306
0.010071
-0.018233
-0.001050
-0.004213
0.006190
0.001921
0.006643
-0.009755
0.004227
-0.014909
-0.009865
0.000679
0.008536
0.010848
0.010248
-0.001524
0.004729
0.004013
0.000762
-0.013185
-0.009581
0.000286
0.001804
0.007193
-0.011449
0.006777
-0.002069
0.003570
-0.003726
0.004816
-0.007109
0.001667
0.001009
-0.003704
-0.005429
-0.005517
0.004027
0.002908
-0.004253
0.023998
0.003394
-0.005918
-0.005744
0.000700
0.008515
0.005906
-0.008653
0.006926
0.004823
-0.017047
-0.002198
0.012725
0.001145
0.001569
-0.024033
0.020470
0.001109
-0.004744
0.005236
-0.016184
-0.016691
0.017507
-0.019182
0.006656
-0.002404
-0.005103
0.010552
-0.008443
-0.000601
0.006487
-0.004027
-0.011081
0.006774
0.013107
-0.010654
-0.004679
-0.003349
0.010196
-0.009042
0.010984
0.012397
-0.001514
0.003202
-0.004883
0.000754
0.008831
-0.005033
0.000051
0.008950
-0.007822
-0.003699
0.001124
-0.005765
-0.013836
-0.012019
-0.009046
0.004742
0.005776
0.005330
0.003604
0.003024
-0.010702
0.002900
0.007187
0.001979
0.001210
0.006733
0.001828
-0.002729
0.016353
-0.036619
0.002014
-0.000870
-0.001694
0.005791
-0.002027
0.009868
0.001940
0.005229
-0.004587
-0.009154
-0.026137
0.018990
0.008830
-0.005520
-0.004126
0.005280
-0.000601
-0.007322
-0.009247
-0.001401
0.002749
0.009052
0.005035
0.001268
-0.010036
0.000110
0.001543
0.005672
-0.003474
-0.004808
0.010122
0.013235
0.003535
-0.002305
0.010966
-0.016884
0.027721
0.001134
-0.006637
-0.007667
0.007586
-0.014126
-0.001147
0.001694
0.003251
-0.015906
0.005040
0.002392
0.005595
-0.001224
0.015559
-0.011441
0.007858
-0.002476
-0.004234
-0.011114
-0.012203
-0.004979
0.010042
-0.004408
-0.010118
-0.004776
0.012173
0.013983
0.029521
-0.012878
-0.002609
0.006196
0.012886
-0.010094
0.013037
0.009093
-0.010677
0.014287
-0.019100
0.000589
0.016629
-0.005207
0.002653
0.007688
-0.000689
0.009955
0.010458
0.002892
0.000702
-0.022887
-0.005118
0.001949
-0.000035
0.026569
0.011661
0.004263
0.002981
-0.014174
0.009191
-0.003912
-0.011582
0.018065
0.003312
0.003479
0.002603
-0.000905
-0.001697
0.009666
0.010528
-0.004904
0.008183
0.012025
-0.005031
0.018650
-0.009388
-0.012238
-0.003780
-0.013015
-0.004554
0.010601
-0.019698
0.000636
-0.005440
0.026289
0.008711
0.000289
0.000022
0.009798
0.016508
0.006101
-0.005595
-0.012776
-0.006058
-0.000009
-0.002570
-0.002819
0.005790
0.002115
-0.001209
0.020506
0.008058
0.009199
0.001525
-0.000438
0.012005
-0.006599
-0.003427
-0.010281
0.005482
0.006414
-0.006261
-0.008015
0.010770
-0.010956
-0.001185
0.012022
-0.009418
-0.015866
-0.008835
-0.003051
0.010351
0.004506
-0.003223
0.004831
0.005246
-0.002214
0.003484
0.006782
-0.000781
-0.006098
0.013479
-0.006141
0.002032
-0.006333
0.014204
0.003761
0.003012
-0.018303
-0.005192
-0.006509
0.005402
-0.007251
0.000770
0.004396
-0.001302
-0.001739
-0.005362
0.003493
0.000355
0.000667
-0.005120
-0.003616
-0.000262
-0.011503
0.001165
0.012623
0.021217
-0.013352
0.003309
-0.003568
-0.009397
-0.000795
0.006971
0.002983
0.009168
0.020350
0.007177
-0.000565
0.006109
0.002537
-0.002464
0.006655
-0.005373
0.002633
-0.003668
0.001635
0.008005
0.016679
-0.003471
-0.007934
-0.021207
-0.021138
-0.011370
0.000466
0.003926
-0.002183
-0.001644
0.002523
0.002671
-0.013325
-0.010436
0.008543
-0.000867
0.006110
-0.012238
0.006244
0.011367
-0.007627
-0.005691
0.012791
0.004660
-0.000696
0.008119
0.005970
-0.003253
-0.011477
0.006417
-0.004324
0.000597
-0.000652
0.015490
0.005701
0.017614
0.000618
0.005019
-0.002054
0.008179
0.038317
0.011659
0.009956
-0.009580
-0.010169
-0.007676
-0.009947
-0.003262
-0.017983
0.008473
0.008801
-0.001299
-0.009338
-0.004424
0.007728
0.005474
0.001534
0.007927
-0.005178
-0.002849
0.007126
0.010094
0.005255
0.008359
-0.002350
-0.009775
0.001455
0.001523
-0.010545
-0.002891
0.016856
0.009431
0.013625
0.014468
0.016992
-0.000676
-0.000476
0.009656
0.003833
0.007203
0.003309
0.001630
0.002447
-0.007430
-0.010447
-0.005867
-0.004201
-0.010187
-0.002000
-0.001596
0.021241
0.003161
-0.000424
-0.004286
0.004366
0.003387
0.007356
0.008603
0.001578
0.006174
-0.010175
0.016697
0.002947
0.006238
-0.007341
0.002776
0.005891
-0.013285
0.000638
0.008173
-0.003035
0.009926
0.003949
-0.023856
0.001512
-0.012628
0.002729
-0.004353
0.001737
0.003257
0.002187
0.014219
-0.006704
-0.009518
0.003030
0.005391
0.000619
-0.006327
-0.004097
-0.010578
0.005375
0.000142
-0.008029
0.004596
0.000821
-0.007061
-0.002271
-0.005029
0.025071
-0.001859
-0.017733
0.002742
-0.002761
0.007075
0.006799
-0.024267
0.003468
0.006510
-0.010385
0.004101
-0.000072
-0.011596
0.004301
-0.010731
-0.001279
0.002796
-0.018903
0.002656
-0.007174
-0.013621
0.014073
-0.006533
-0.017811
-0.021441
0.017458
-0.008598
-0.012075
0.006962
-0.007641
-0.007013
0.001792
0.005353
0.002262
-0.002772
-0.011450
-0.003555
-0.008697
-0.005372
-0.001000
-0.014043
0.003836
-0.005669
0.012878
0.001402
0.018845
0.014172
-0.004029
-0.003129
-0.000116
-0.000072
0.011105
0.003446
0.001101
-0.000609
-0.004950
0.003365
-0.017486
-0.000238
0.003991
0.009990
-0.017216
0.000130
-0.010477
0.000064
-0.012373
0.019307
0.006563
0.010671
0.006489
-0.010656
0.007304
0.012744
0.008769
-0.007774
0.000237
0.020012
-0.004487
0.000699
0.002070
-0.007223
-0.001045
-0.004303
-0.004564
-0.010904
0.002389
0.010984
-0.019704
0.013669
0.002385
0.003842
0.009341
-0.002504
-0.005962
-0.014850
-0.028510
0.003326
-0.000104
0.000781
0.012379
0.003509
0.006294
0.009578
0.004298
-0.016878
-0.011071
0.007693
0.003190
0.011321
0.010783
-0.010840
-0.008936
0.019819
0.003880
-0.018517
-0.008793
0.000940
0.008344
-0.010223
0.005590
0.004209
0.007606
-0.000527
0.000140
0.014835
0.004122
-0.004694
0.000354
0.000737
0.008401
0.003514
0.017175
-0.012709
-0.025229
-0.000966
0.000944
0.020005
0.006466
-0.009639
-0.012316
-0.008665
0.003725
-0.000890
0.007212
-0.003155
-0.002231
0.001873
0.003822
0.018132
0.001493
0.015240
0.004909
0.007925
-0.018625
-0.001245
0.012334
-0.011976
-0.001142
-0.001322
0.001942
-0.001173
-0.014562
-0.021278
-0.003892
-0.004775
0.003358
-0.001551
-0.001698
-0.005422
-0.003061
-0.003767
-0.022424
0.020831
-0.034545
-0.002864
-0.007252
0.001202
0.011667
0.007743
-0.002236
-0.016923
-0.006055
0.005979
0.014381
-0.001830
0.006198
-0.003075
0.009239
0.004555
-0.013835
-0.001306
0.002463
0.002128
-0.002197
0.002128
-0.008501
0.010483
0.019739
0.013058
-0.014733
0.002498
-0.016744
0.000013
0.004549
-0.001218
-0.005986
-0.004048
-0.008587
0.002926
0.011054
-0.013942
-0.023553
-0.021235
0.012855
0.002088
-0.004034
0.003181
0.012433
-0.003275
-0.005193
-0.002476
-0.011021
-0.007910
0.009615
0.017250
-0.003346
0.012936
-0.009268
0.000727
-0.011249
-0.002218
-0.004365
-0.010233
0.010414
-0.007273
0.004714
0.001597
-0.002659
-0.009875
0.000351
0.002006
0.012199
0.005878
-0.003663
0.001950
-0.013068
0.002117
-0.006101
0.006184
-0.006154
0.007402
0.000817
0.006051
-0.001797
-0.000534
-0.015240
0.000157
-0.021600
-0.015931
-0.026800
-0.009512
0.003227
0.000208
0.001337
-0.001225
-0.002262
0.008789
-0.010912
0.009648
0.009334
0.013771
0.008566
0.009129
0.002654
0.005794
-0.000061
0.014504
0.018813
0.002085
-0.012413
-0.002734
0.002862
0.010071
-0.002233
-0.003126
0.004436
-0.011872
0.002937
-0.002537
0.015790
-0.013187
0.003990
0.009779
-0.003865
-0.021508
-0.000732
-0.010261
-0.005612
0.013388
-0.005353
0.007629
-0.005489
-0.004124
-0.006690
-0.010987
-0.003993
-0.007440
-0.010807
-0.012471
0.012790
-0.008062
0.011404
-0.016165
0.000284
-0.001035
0.005730
-0.006356
-0.001369
0.008644
0.003240
-0.000235
-0.002383
-0.001330
-0.001323
0.001089
0.003603
0.008538
-0.000510
0.000626
-0.003042
-0.008339
0.006307
-0.009212
-0.006727
0.012567
-0.010198
-0.005913
-0.013867
-0.009006
0.010223
0.008966
0.005918
-0.000186
0.008653
0.006864
0.007243
-0.000057
-0.010581
-0.007507
-0.006260
-0.004811
-0.010975
-0.004261
-0.000014
-0.001438
0.012344
-0.008707
0.004799
0.012054
-0.006048
0.004916
0.005817
-0.000618
0.004123
-0.005582
0.016427
-0.006243
-0.008176
-0.008281
-0.010702
0.014475
0.001421
0.015788
0.003793
0.000849
0.007377
0.009497
-0.000168
0.004860
-0.017249
-0.021388
-0.002250
-0.010178
-0.009567
0.003877
-0.012878
-0.001852
-0.014777
-0.008584
-0.005857
0.002560
0.000915
-0.015606
-0.016152
-0.001142
0.009517
-0.004886
0.006015
0.002481
-0.012984
-0.009542
-0.006630
-0.015924
-0.014256
-0.017865
-0.014643
-0.000204
0.006210
0.001434
-0.010485
-0.001345
-0.018630
-0.010941
0.000217
0.001734
0.002374
0.001552
0.022847
-0.013435
0.012715
-0.009156
0.022765
-0.007903
0.007971
0.011825
0.009194
0.006255
-0.005990
-0.010235
-0.010360
0.016589
0.014653
0.002247
0.013246
0.006761
-0.007348
-0.003500
-0.000498
-0.009365
-0.001316
0.003155
0.004075
-0.005941
-0.015400
-0.009145
-0.005124
-0.003129
-0.000632
-0.003417
0.010525
0.013428
0.007787
-0.018089
-0.003857
0.006789
-0.002762
0.006127
-0.009743
-0.003010
0.007228
-0.004128
-0.017593
-0.010178
0.013086
0.004968
0.002355
-0.003492
-0.010532
0.014451
-0.000367
0.006739
-0.008940
0.016921
-0.004810
-0.013077
-0.003908
0.013705
0.006921
0.014379
-0.020097
-0.007604
0.033035
-0.012598
0.020229
0.002161
-0.009682
-0.000523
0.003410
-0.008106
-0.007022
-0.014455
-0.003871
-0.002541
-0.007430
-0.004357
0.002343
-0.003090
0.003438
-0.010917
-0.025980
-0.017840
-0.018448
-0.019899
-0.017713
-0.002559
0.008901
-0.002321
-0.007568
-0.009075
0.007126
0.001899
-0.004886
-0.001451
-0.003149
-0.002746
0.005850
0.002588
0.001152
0.000075
0.007152
-0.002874
0.000830
-0.007609
0.008893
-0.002489
0.017384
-0.012828
-0.002279
0.000602
0.001891
-0.004712
-0.004898
-0.000190
0.009088
-0.016954
-0.017772
0.006896
-0.004036
-0.014479
0.010825
-0.002825
-0.001748
0.033656
-0.017862
0.006392
-0.009817
0.018239
-0.000230
-0.002398
0.003158
-0.011677
-0.007228
0.006128
0.002593
-0.000104
-0.016429
0.018820
0.016891
-0.001803
-0.014269
-0.014367
0.002375
-0.005950
0.000131
-0.000679
0.002280
-0.000332
0.006108
0.002187
-0.012089
0.004836
-0.001305
-0.011159
0.005369
-0.001257
0.008967
-0.011637
0.004041
0.021112
-0.013815
0.007962
-0.000783
0.002604
-0.000925
0.002734
-0.004340
-0.001444
0.015435
-0.005487
-0.013912
0.004326
0.008038
0.008263
-0.002757
-0.014455
0.015116
0.009682
0.002114
-0.018526
-0.004337
-0.007161
-0.000162
-0.003304
0.046446
-0.042283
-0.017877
-0.006702
0.005127
0.003204
-0.000971
-0.007221
-0.006132
0.001674
0.010654
0.010590
0.002801
0.001372
-0.011332
0.000609
0.000714
0.015469
-0.008371
0.000363
0.014055
-0.003630
0.001635
0.008355
-0.010743
-0.037322
-0.021365
0.013095
-0.005245
-0.011916
0.003830
0.009459
0.006103
-0.001767
0.002549
-0.000153
0.007376
-0.011983
0.011271
0.006052
-0.008292
0.009758
0.016865
-0.005257
-0.010831
0.004532
0.000011
-0.003965
0.002779
-0.008224
-0.008162
-0.005006
0.000170
0.007803
-0.023857
0.005872
-0.016271
0.001693
-0.002319
0.009084
-0.011103
-0.018990
-0.024335
0.000475
0.010117
0.002807
-0.015623
0.004048
0.020504
0.001293
0.025153
0.006246
0.002267
0.005686
-0.001044
0.011872
-0.002758
0.005751
0.002949
-0.010568
0.009316
0.008443
0.004921
0.010440
0.002833
-0.010944
0.005849
-0.004729
-0.011609
-0.005326
0.001469
0.007312
-0.003188
0.007298
-0.005923
-0.002917
0.002529
-0.002956
0.000832
0.007374
0.000934
0.012239
0.008538
0.003602
0.001996
0.010048
-0.002879
0.000168
0.007300
0.005808
0.012560
-0.005166
-0.001390
-0.000294
-0.001853
-0.007534
0.001148
0.000366
-0.002858
0.004937
0.007641
-0.013826
0.000011
-0.012036
-0.017570
0.001627
0.008765
-0.000142
-0.009371
-0.016792
-0.010558
0.015978
0.004336
-0.007148
0.006140
-0.014386
0.017847
-0.002077
-0.007580
0.009311
0.002727
-0.009255
0.001324
0.007795
0.002817
0.000451
-0.006345
0.011982
-0.002519
0.019797
-0.001651
-0.001912
-0.009158
0.008250
-0.002859
-0.001623
-0.008003
-0.006353
-0.026883
0.000275
0.007032
0.004985
0.008847
0.007038
0.005667
-0.007580
0.016839
-0.007154
0.002239
-0.002547
0.005080
0.015809
0.006649
0.000122
0.004077
0.007636
0.016539
0.010601
0.012505
0.005556
0.007710
-0.026838
0.009082
0.026710
-0.031258
0.034043
-0.002348
0.011112
-0.003099
0.005061
0.003927
0.029072
-0.006040
-0.012414
-0.012933
0.005256
0.003619
0.009239
-0.000103
0.004224
-0.004754
-0.003787
-0.002482
-0.005094
-0.010895
0.006672
-0.009752
-0.003048
-0.011202
-0.004512
0.008665
0.021396
0.012443
0.009205
-0.006648
-0.007226
-0.010553
0.002792
0.002556
0.001881
0.001595
-0.022949
0.007728
0.013459
-0.000153
0.000170
-0.017390
0.005866
-0.003483
-0.001874
-0.009987
0.010233
0.004767
0.003279
0.004517
-0.016574
-0.014353
0.001854
-0.021362
-0.002867
0.003736
-0.003142
0.009456
-0.003018
0.006984
0.016005
-0.006350
-0.001178
-0.003560
-0.001018
0.009786
-0.018161
0.031627
0.002446
0.014941
0.018167
-0.006628
-0.006742
-0.001576
-0.006343
0.011869
-0.001726
-0.004219
-0.002830
0.007061
0.001586
0.007681
-0.001624
0.004329
0.001394
0.006625
0.001351
0.003301
0.002561
0.016123
-0.002799
-0.001794
-0.002730
0.010543
0.005711
-0.007162
0.005492
0.008426
-0.017755
-0.005759
0.026141
-0.000826
-0.003443
-0.003802
-0.002987
0.003662
0.002851
0.009250
-0.001261
-0.006985
0.013906
0.009250
-0.001528
0.004481
0.007420
-0.025662
0.012239
0.015429
-0.003738
0.020884
-0.005336
-0.026260
0.005015
0.001141
0.006510
0.014791
0.009846
0.010927
-0.010471
0.003497
0.012797
0.008002
-0.000410
0.002326
-0.013084
0.013257
-0.007273
-0.007964
-0.015699
0.015071
0.016564
-0.007215
-0.018248
-0.002884
0.005743
0.004112
-0.004684
-0.009984
-0.000780
-0.004016
0.009671
0.004564
-0.007082
0.025571
-0.002333
-0.008549
0.010271
0.006493
-0.008983
-0.011741
-0.027075
-0.004561
-0.020946
0.011605
0.007493
0.018550
0.001836
0.022008
-0.005285
0.002178
0.012325
0.010804
0.009623
-0.007077
-0.004753
-0.000989
0.004972
0.007820
0.013645
-0.002868
0.006655
-0.005203
0.023498
-0.007905
-0.005237
-0.004881
0.013797
-0.004926
0.005451
0.022164
0.000723
-0.011069
-0.009429
-0.012088
0.001840
-0.007020
0.019648
0.004134
0.004355
-0.014795
0.008069
-0.017124
0.002940
0.007267
0.010574
-0.003697
0.009004
-0.006190
0.006417
-0.006504
0.008081
-0.004558
-0.008715
-0.003324
-0.002131
0.005681
-0.010634
-0.013495
-0.015533
0.003171
-0.008733
0.004210
0.014101
0.003140
-0.005644
-0.009911
0.002166
0.001647
0.015171
0.003758
-0.002442
0.003404
-0.002531
-0.012214
0.003856
-0.005389
0.015812
0.003925
0.003807
0.004273
-0.003776
-0.005687
0.003111
-0.011814
0.004759
-0.022815
-0.007003
-0.006156
0.007062
-0.001290
-0.007095
0.018129
-0.005472
0.005582
0.005965
-0.008879
0.002110
-0.000951
-0.006833
-0.007668
0.007976
-0.005011
0.002992
0.023899
-0.012831
-0.002696
0.004957
0.000729
-0.008851
-0.011640
-0.004806
-0.010256
-0.000461
0.001569
-0.009794
0.003755
0.012994
0.000858
0.005204
0.015294
-0.009019
0.002408
-0.000665
0.000072
-0.001759
0.001349
-0.011921
0.008316
0.006858
0.005483
-0.010383
-0.003504
-0.008357
0.002723
-0.000800
-0.014104
-0.002437
-0.004406
-0.001983
-0.003045
-0.005882
-0.006951
0.002065
-0.009200
-0.001137
0.001066
0.003446
-0.007168
0.004129
0.004549
0.000277
-0.005057
-0.010677
-0.008629
-0.002269
-0.016188
0.006701
0.002210
0.003053
0.007142
-0.005730
-0.013490
0.004996
-0.000355
0.001028
0.015041
0.004731
0.012759
0.012993
0.002812
-0.002132
-0.004924
0.010857
0.002413
0.008850
-0.008474
0.000597
0.004694
-0.015274
-0.010121
0.001963
0.003999
0.005881
-0.000911
-0.006383
0.009647
0.002201
-0.013214
-0.009150
0.002021
-0.005779
-0.000065
-0.019020
0.007971
-0.009023
0.002932
0.003000
-0.002352
-0.003583
0.012225
-0.011433
0.010294
-0.007807
-0.005668
-0.011053
-0.003132
-0.001659
0.003396
0.006431
-0.005353
-0.010033
-0.004718
-0.003610
0.003082
-0.003074
-0.006861
-0.014974
-0.011725
0.028083
-0.004527
0.000285
-0.003167
0.003551
-0.013201
0.003281
0.015784
-0.001711
0.004587
0.000551
-0.000670
0.009541
-0.008293
0.005180
0.003961
0.011878
0.010804
0.002317
-0.005646
-0.017903
0.004271
0.014097
0.004915
-0.000064
0.013378
-0.003845
-0.002888
-0.010666
-0.001870
0.009108
0.015792
-0.005892
-0.005433
0.005333
-0.022458
0.004117
0.011735
0.009009
-0.009204
0.000024
-0.003037
-0.008050
0.000212
0.005427
0.011140
-0.005756
0.008716
0.001065
-0.009821
0.003599
0.006095
0.003753
0.007473
0.015299
0.007001
-0.007902
-0.008300
-0.016125
0.026607
0.010063
-0.010289
-0.013000
-0.008244
0.000169
0.002464
0.008030
0.001202
-0.000153
-0.010143
-0.002024
0.003175
0.012704
-0.007056
0.005971
-0.005284
-0.003728
0.023675
-0.034125
0.016004
0.008336
-0.011870
-0.006545
-0.013791
-0.024566
0.009833
-0.000545
0.005078
0.011287
0.010025
-0.007291
0.013810
0.029374
0.030006
-0.006221
-0.009590
0.008960
-0.002869
-0.016060
-0.003854
-0.024771
-0.006268
0.006258
0.005881
0.017702
0.013435
-0.004205
0.009064
-0.012582
-0.001338
0.007293
-0.003751
-0.008644
0.004809
-0.003320
-0.009198
0.008789
0.005336
-0.001585
0.007778
0.004432
0.003654
-0.019420
0.001430
-0.019181
-0.009787
0.003741
-0.013368
-0.003720
-0.015918
0.017296
-0.006782
-0.011837
-0.004091
-0.021417
-0.011212
-0.004634
0.011955
-0.003056
0.001070
-0.000832
-0.012315
0.001286
0.000411
-0.010181
-0.013418
0.007344
0.000019
0.004512
0.016817
0.008083
-0.004431
0.002785
0.004070
-0.007974
0.002025
0.007403
-0.004532
-0.014980
-0.000960
0.018557
0.012090
0.004057
-0.005749
0.003332
0.001551
-0.003949
0.005732
0.001548
-0.014778
0.010293
-0.002536
0.009630
-0.013809
-0.005072
-0.011789
-0.015645
0.004553
-0.003618
-0.001585
0.004822
0.006233
-0.001050
-0.006797
0.004891
-0.008416
-0.005408
0.022281
-0.003560
-0.012077
0.001409
-0.001177
-0.002688
0.005447
0.000731
-0.007644
-0.006759
-0.027357
0.020575
0.031079
0.000252
-0.015943
-0.008072
0.006316
-0.000673
-0.025234
0.013519
-0.046656
0.005128
0.003167
-0.017065
-0.006906
-0.026400
0.006846
0.011941
-0.008360
0.003948
0.001989
0.001277
0.010106
-0.002613
0.013902
-0.009702
0.016169
0.002917
0.001168
0.000220
-0.002738
0.012852
-0.006194
-0.006777
0.006118
-0.005925
0.002406
-0.014159
0.004606
-0.004662
-0.000524
-0.002398
0.015290
0.023166
-0.013710
0.019077
-0.025973
-0.003822
-0.008277
-0.013301
0.007301
0.004751
-0.002525
-0.002278
-0.015183
0.002340
0.010394
0.007628
-0.005425
-0.003039
-0.002227
-0.008440
-0.006860
-0.001859
0.001383
0.005298
-0.005213
0.013871
-0.003633
0.010378
0.000745
-0.013539
-0.012418
0.016962
-0.012857
0.006487
-0.003454
0.002110
0.000410
0.009503
0.013675
0.002480
-0.004634
-0.015903
-0.010072
-0.013297
0.004527
-0.003060
-0.002872
0.001340
-0.023845
-0.006590
-0.014461
-0.002657
0.003757
-0.004808
0.010944
0.013791
-0.007768
0.004053
-0.003223
0.002082
-0.009180
0.015707
0.018067
0.005266
-0.014117
0.000893
0.004867
-0.009302
0.010427
-0.001584
-0.002140
-0.007705
0.006053
0.007460
-0.007667
-0.001789
0.002155
-0.011967
0.001989
-0.004003
0.016846
-0.012113
0.003904
-0.004625
0.005176
0.014597
0.015715
0.001237
0.012563
0.008834
-0.003529
-0.007473
0.006920
-0.012628
-0.005206
-0.009129
-0.002678
0.001377
-0.004396
0.004879
0.015110
0.022211
-0.003143
-0.006065
0.009048
0.002222
0.002693
-0.003570
-0.002887
-0.005480
-0.005292
0.005568
0.012005
0.011197
-0.016245
0.002595
0.005730
-0.000739
-0.014120
0.000976
0.005712
-0.006872
-0.018002
-0.013300
-0.003870
0.006055
-0.026899
0.006917
0.006939
0.017917
-0.010337
0.022844
-0.025787
0.004315
0.002144
0.012234
0.002502
0.001233
-0.003023
-0.004604
-0.003472
-0.010533
-0.010394
0.008373
-0.006997
-0.004362
0.006614
-0.001475
0.003287
-0.000297
0.007906
-0.009800
0.002860
0.002987
0.009555
-0.004282
-0.006907
-0.001279
0.013643
0.015272
0.004508
0.003496
-0.006179
-0.001426
0.013246
0.003465
0.003458
-0.002310
0.006010
-0.000535
-0.006305
0.007072
-0.012347
-0.005686
-0.000821
-0.012266
-0.001192
0.001598
0.004464
0.021481
0.009826
0.003306
0.009495
-0.013148
0.007969
0.005061
0.001657
0.000952
-0.002979
0.000032
-0.000528
-0.009430
-0.002155
-0.010480
0.001275
0.003819
-0.010352
-0.004480
-0.005374
-0.006749
0.003439
-0.012507
-0.008086
0.009853
-0.011248
0.001122
0.017485
-0.000913
0.008735
-0.000149
-0.004774
-0.010546
0.000030
-0.004274
-0.007294
0.002700
0.010146
-0.017596
0.016346
0.010029
0.009239
0.017485
-0.011878
0.001563
0.021897
-0.018664
0.011196
-0.022343
0.002910
0.000960
0.003277
0.007733
-0.004357
0.016959
-0.011998
0.020490
-0.015661
-0.000140
-0.025753
0.012981
0.001434
0.010585
0.000477
-0.004473
-0.000783
0.000220
-0.002106
0.009481
-0.010517
0.006904
-0.019643
-0.002738
0.000916
0.003637
-0.000583
0.001253
0.000969
-0.008081
0.000444
-0.000590
-0.013385
0.009753
0.014459
0.000844
0.001641
0.002378
-0.000273
0.003845
-0.010262
-0.022240
-0.024042
-0.022383
0.000597
-0.002576
0.005043
-0.010539
0.005539
-0.018514
-0.006394
-0.002386
0.012074
0.023346
-0.002966
0.003482
0.003508
-0.006991
0.016678
0.008639
0.003653
-0.019294
0.010419
-0.003860
0.021783
0.007921
0.010914
0.009330
-0.011927
-0.000064
0.003553
0.001817
-0.017984
-0.006471
-0.027955
0.002531
0.008105
0.004575
-0.003356
-0.002462
-0.009741
-0.000491
0.009958
0.023745
-0.001664
-0.009717
-0.012423
-0.007857
0.003051
0.001502
0.010581
-0.001528
-0.012832
0.011468
-0.015210
0.002706
0.011993
-0.004286
-0.000087
-0.004843
0.002315
0.001147
-0.012769
0.004039
-0.004394
0.016818
-0.008511
0.000203
0.005386
0.014989
-0.006767
0.002030
-0.001996
-0.000070
0.004332
-0.002087
0.000023
0.013303
0.004143
-0.013545
-0.012889
0.003512
0.004620
-0.003088
0.004483
-0.009030
-0.017824
-0.001585
-0.000065
-0.016693
0.008985
0.003906
-0.003599
-0.009302
-0.013376
-0.009989
0.023734
-0.008058
0.014267
0.003030
0.000388
0.008148
-0.000967
-0.003458
-0.017491
-0.014786
0.007765
0.007728
0.010762
-0.003413
-0.003530
-0.004201
0.010140
0.006252
0.005654
0.001112
0.023608
0.002514
-0.008720
-0.000168
-0.006272
0.008663
-0.019351
0.006233
0.006328
-0.004009
0.008712
0.010083
-0.015438
0.000199
-0.008673
-0.000522
-0.004393
0.005368
0.026101
-0.005908
0.009992
0.002833
0.006178
-0.035873
0.002233
0.000879
-0.014342
0.001306
-0.001933
0.004883
0.000524
0.009035
-0.006848
0.002737
-0.005637
-0.007555
-0.004593
-0.010994
-0.003338
0.004770
-0.005370
0.000705
-0.012149
0.000759
0.001937
-0.000571
-0.005928
-0.006832
0.002580
-0.003944
0.002707
0.011828
-0.009912
-0.001952
-0.004363
0.001688
0.003990
0.003858
0.003728
0.001988
0.008353
-0.015415
-0.000705
0.001782
-0.009997
0.002343
0.003611
-0.008438
0.004074
-0.000673
0.020304
-0.013211
-0.000259
-0.008014
0.009903
0.001293
-0.002781
-0.007670
-0.010314
0.019444
0.019222
-0.026944
0.010632
0.016388
-0.012860
-0.008914
0.014249
-0.014987
0.012008
0.006760
0.013282
0.009395
-0.003900
-0.001155
-0.001461
0.008552
0.008945
0.000377
-0.007296
0.003524
-0.011829
-0.000469
0.000070
-0.002036
0.004365
-0.013452
-0.001065
-0.000882
-0.011139
-0.006646
-0.004384
0.003289
0.006261
-0.018152
-0.013361
0.002003
-0.003845
-0.010935
0.005127
0.000045
-0.002010
-0.011787
0.003663
-0.003668
0.012013
-0.000270
-0.010493
0.003233
0.006589
0.001537
0.019440
-0.012867
-0.011301
-0.006169
0.005761
-0.001537
0.007492
-0.002659
0.008765
-0.010636
-0.018656
-0.007420
0.005202
0.019100
-0.003345
-0.012327
-0.011504
0.002305
0.009053
0.011917
0.002381
-0.004873
0.004036
-0.001469
0.002227
-0.000342
0.013256
-0.005861
0.001743
0.017998
-0.008726
-0.018800
0.001912
-0.015412
0.005815
0.000409
0.006307
0.000833
-0.011095
-0.015363
-0.001181
0.000513
-0.006197
-0.004591
-0.007138
0.002253
0.012398
0.001979
-0.002415
0.000393
0.001825
0.001142
-0.002908
-0.000328
0.003778
0.007128
0.014247
-0.010184
-0.011341
-0.006360
-0.001847
-0.002919
-0.016431
0.004365
-0.024270
0.016899
0.015272
0.000036
-0.008754
-0.011962
-0.007888
0.004909
0.005799
-0.010149
0.001261
-0.001704
-0.002815
-0.003091
-0.038636
-0.009227
-0.011442
0.006890
-0.002650
-0.004611
-0.009015
0.009469
-0.010950
0.029395
-0.020167
-0.002917
0.004881
0.000423
0.005658
0.012959
0.002010
0.000078
0.005077
-0.002217
-0.004300
-0.008151
0.011776
-0.022202
0.000603
-0.002086
0.011436
-0.004300
-0.003874
-0.006828
-0.002003
0.004675
-0.004961
-0.010488
0.020089
0.001466
-0.023763
-0.008215
0.004320
-0.009108
0.008189
0.017421
0.000942
0.011434
0.007909
0.003519
0.003048
0.025510
0.024944
0.014557
0.012196
-0.014376
-0.000986
-0.006071
-0.000724
0.001858
0.000438
-0.009722
-0.006983
0.003789
-0.017763
0.011086
0.007658
-0.007514
-0.015506
0.007838
0.013483
0.005294
0.006033
0.006196
0.019142
-0.000113
-0.017970
0.012189
-0.006585
-0.001009
0.015479
0.010553
-0.009722
-0.006608
0.009183
0.010851
-0.013138
-0.000346
-0.014913
0.015505
-0.015895
-0.013635
0.008731
-0.002799
-0.002297
0.024360
-0.016753
-0.015589
0.011129
-0.005712
0.006631
0.002360
0.007751
0.009837
0.000038
0.003938
-0.008962
-0.008368
0.003085
0.018776
0.002401
0.001043
-0.010555
-0.009197
-0.007908
0.011194
-0.003266
-0.008394
-0.006095
-0.005692
-0.009639
0.007742
0.010462
-0.002505
0.001131
0.002617
-0.007843
-0.006493
0.000473
-0.006022
-0.017055
-0.022722
0.006510
0.010071
-0.008714
-0.004057
0.007495
0.005113
0.008136
-0.006133
-0.001551
0.008038
0.000732
0.006655
-0.013623
0.003886
0.001792
-0.011764
0.002957
-0.023837
-0.007591
0.013210
-0.007201
0.010023
0.017588
-0.003639
0.010040
0.013798
0.011515
-0.014992
0.008528
0.018014
0.019937
0.004993
-0.002262
-0.004625
0.009137
-0.007854
-0.011758
-0.000983
0.004643
0.006646
-0.000966
-0.007804
0.014989
-0.000739
0.010980
-0.005153
0.002641
-0.014286
-0.008569
-0.007195
0.006324
-0.000655
0.007604
0.003972
0.002584
-0.007872
-0.000587
-0.013901
0.002143
0.008570
0.007188
0.010473
0.004288
0.003012
-0.004312
-0.002503
-0.003854
-0.003051
0.002160
-0.002029
-0.000911
-0.012918
-0.001798
-0.014341
-0.016121
0.007452
0.010349
-0.010694
-0.005776
-0.008372
0.001862
-0.004596
-0.008539
-0.010404
0.000379
0.009545
-0.015760
0.005863
0.007206
-0.008585
0.003627
-0.000119
-0.001382
0.007234
0.002291
-0.003247
-0.002504
-0.001871
-0.002821
0.001142
0.007368
0.000920
0.009655
-0.006917
0.012535
0.010370
0.006939
-0.002439
0.015418
-0.007481
0.004721
0.000945
0.002528
-0.000879
-0.015882
-0.007893
0.009700
-0.002713
0.000722
0.019134
-0.002761
-0.001818
-0.007438
-0.002192
-0.000288
-0.003900
0.014882
0.008066
0.015757
0.001793
0.014617
-0.004888
-0.003341
0.008459
-0.000729
-0.001448
0.000970
-0.001568
-0.010556
0.004901
0.002505
0.001743
0.016882
-0.009340
0.009384
-0.000106
0.002784
0.012580
-0.005091
0.000493
0.004781
-0.015652
-0.005318
-0.019310
-0.003271
-0.013095
0.000955
-0.008174
0.005148
0.001126
0.022831
0.010054
0.005703
0.007745
-0.004579
0.003880
0.004972
0.001209
-0.008861
-0.006868
0.010230
-0.020315
-0.009581
-0.000821
0.002966
0.011154
-0.001745
0.007541
-0.002050
0.006340
0.002584
-0.009877
0.009711
-0.008801
-0.004245
-0.005826
0.001740
-0.005816
-0.004457
0.006576
-0.010907
-0.001981
-0.000891
0.005924
0.028487
-0.007896
0.007128
0.014107
0.001315
-0.003919
0.004419
-0.017752
0.000485
0.009026
-0.006208
0.006319
0.003178
0.007623
-0.013742
-0.012482
-0.012495
0.001676
-0.001327
-0.012773
-0.020062
0.013227
-0.014423
0.002447
0.020422
-0.009741
-0.001200
-0.010456
0.001778
-0.006218
-0.009282
0.015024
0.003042
0.001898
-0.009340
-0.003555
-0.009966
0.008993
-0.001545
-0.002215
0.008065
-0.005727
0.007440
-0.001467
0.008762
0.011822
0.004689
0.009177
0.000020
0.001247
-0.021319
0.007429
0.032625
-0.015551
0.022299
-0.005747
0.001481
-0.001791
-0.005113
0.006459
-0.000378
0.002563
-0.010047
-0.010744
-0.000650
-0.007266
-0.011375
0.001002
-0.003958
0.005652
0.004318
-0.004057
0.004379
0.011552
0.010871
-0.000239
0.008327
-0.000396
-0.008885
-0.011807
-0.022711
-0.018080
-0.028148
-0.009369
0.019527
-0.008912
0.010050
0.002575
-0.004895
0.004165
-0.003319
-0.003753
0.006467
0.008540
0.006723
-0.002477
-0.007568
0.008941
-0.009042
-0.012915
-0.009717
-0.012584
0.007025
-0.016476
0.000256
0.001288
-0.007642
0.007534
0.006207
0.016796
-0.005823
-0.005591
-0.005475
0.008681
-0.013825
0.018657
0.012665
-0.000496
0.001546
0.007203
-0.000203
0.014686
0.004609
-0.003732
0.001822
0.001027
0.000966
0.011439
0.020666
-0.001595
0.019947
-0.013353
-0.007286
-0.003098
0.004053
-0.014653
0.012938
-0.008348
-0.011825
0.006257
0.004822
-0.001287
0.017814
-0.014127
0.007322
-0.001858
0.017902
0.000890
-0.017824
-0.002048
0.002262
-0.004770
0.000898
-0.001339
0.013104
0.012234
0.007829
0.007142
-0.015069
0.009285
-0.025827
0.002656
-0.003617
0.008936
-0.000354
-0.006065
-0.016378
0.005154
0.009030
-0.009682
0.002382
0.000912
-0.001327
0.007294
-0.000929
-0.005895
0.001282
-0.003546
0.002651
0.001041
0.020499
0.002130
-0.012929
-0.007850
0.013005
-0.007667
0.000726
-0.008113
-0.008076
-0.008058
-0.010827
-0.002437
0.004046
0.008154
-0.004983
-0.008564
0.005671
-0.019156
-0.001034
0.003122
0.003712
0.004126
0.009308
0.002998
0.003172
0.011442
0.006755
0.006703
-0.000949
0.007471
0.012732
-0.003737
-0.008832
0.011450
0.009093
0.004130
0.020989
-0.008350
-0.000075
0.014496
0.018508
-0.002614
0.004383
-0.002439
-0.017608
-0.014546
-0.013197
0.007823
-0.002047
-0.000408
0.000267
-0.001918
-0.027927
-0.005566
0.002789
-0.000509
0.004038
0.004401
-0.003320
0.015125
-0.000244
0.009449
-0.009824
0.010962
-0.015473
0.004828
-0.004407
0.006223
-0.018070
-0.002300
-0.008243
-0.008856
-0.000800
0.012088
-0.012993
-0.005028
-0.010307
0.017981
0.001489
-0.006576
-0.007061
-0.003750
0.002548
-0.001626
0.015263
0.010472
0.010319
0.001931
-0.000484
0.005256
0.016726
-0.000609
-0.004557
-0.006011
0.001777
-0.019930
0.003835
0.012335
-0.003485
0.004674
0.010071
0.018517
0.003103
0.000549
-0.000308
0.005566
0.001601
0.010350
0.003996
0.012143
0.013598
0.001258
-0.004222
-0.004959
0.006311
0.001614
0.008831
0.015987
-0.003103
0.014065
0.001803
0.002595
-0.006368
0.005756
0.000163
-0.006165
0.013753
-0.002392
-0.012023
-0.004151
0.007307
-0.000858
-0.014044
0.000386
0.008870
0.008903
-0.008140
-0.011255
0.007516
-0.013956
0.004922
0.012059
-0.001777
0.001598
-0.006847
-0.005588
-0.001495
-0.002688
0.011460
-0.000833
0.002907
-0.013386
0.006265
0.006221
0.001044
-0.006157
0.008610
-0.033764
-0.018253
-0.003548
0.005407
0.006967
-0.015861
-0.011315
0.013574
-0.002270
-0.004471
-0.015670
0.014765
0.009056
-0.003854
0.005159
-0.004468
0.012518
0.009486
0.010532
0.013489
0.004979
0.002614
0.006508
0.006644
0.008781
0.003440
-0.009123
0.013185
-0.015367
0.000844
-0.016334
-0.005372
-0.012448
-0.012289
-0.020234
0.008082
-0.006125
0.016659
0.006797
-0.000954
0.006307
-0.004468
0.014790
-0.005660
-0.002872
0.004047
-0.001372
-0.005856
0.008578
0.003357
0.015174
-0.007792
-0.002125
-0.009140
0.008457
-0.018474
-0.001479
0.001406
-0.015885
-0.001878
0.002299
0.009485
-0.009652
-0.015196
0.006140
-0.005889
0.001112
-0.000197
0.002453
0.008029
-0.000766
0.007988
0.011491
-0.002016
0.004223
0.001412
0.002994
0.013899
-0.006402
-0.001606
-0.000578
0.001902
0.012808
-0.002604
-0.013498
-0.005149
0.000144
-0.006243
-0.015148
-0.001737
-0.012420
0.002753
0.006765
0.008940
-0.008751
0.001082
0.009489
-0.010324
0.020656
0.003769
0.013035
-0.005625
-0.007339
0.011899
-0.007117
-0.002170
0.005675
0.005868
0.001102
0.010024
0.031571
-0.003510
-0.003872
0.017428
-0.002152
-0.001790
-0.001370
-0.007821
-0.004315
-0.000237
-0.005255
-0.004564
-0.000384
-0.000883
-0.009600
0.006598
0.000923
-0.009430
-0.014149
-0.006311
0.012686
0.000217
-0.000082
0.000346
-0.003731
0.003119
-0.000548
-0.008860
-0.004847
-0.001528
0.010611
0.000438
-0.005931
0.000995
0.000131
0.018006
-0.007487
-0.004388
-0.005434
-0.006568
-0.004907
-0.000511
0.000130
-0.004567
0.010714
-0.005290
-0.003505
0.011402
-0.008218
-0.001179
-0.004656
0.004898
-0.010328
0.007061
0.005537
0.001807
-0.016357
-0.002578
-0.011793
0.008691
-0.008470
0.002562
0.003142
-0.004432
-0.011812
-0.002247
-0.010784
0.000244
-0.012846
0.013777
0.011999
0.003292
-0.011618
0.016247
0.001907
-0.002412
-0.006063
0.002996
-0.015318
0.005353
-0.006436
0.001295
0.007359
0.000809
0.005573
-0.001345
-0.002400
0.009021
0.006380
-0.020402
-0.001975
-0.007124
-0.003164
-0.000525
0.008899
-0.006194
0.011525
0.001366
0.001120
0.007330
-0.009531
-0.003671
-0.023548
0.024030
-0.006575
-0.010238
-0.001568
-0.002041
0.004364
-0.000699
-0.001197
-0.001363
-0.008546
-0.016035
-0.000689
-0.000861
0.003000
0.001451
0.005760
-0.009961
0.000583
0.002711
-0.017340
0.010557
0.020712
0.006217
0.016813
0.004029
0.000023
0.008860
-0.008724
-0.012341
0.002454
-0.024662
-0.001179
-0.004976
-0.002824
0.002514
0.002261
-0.004578
0.018740
0.002716
-0.002015
-0.016198
-0.001313
-0.001490
0.001037
-0.024504
-0.019500
0.002083
-0.004267
-0.006951
0.056504
-0.035850
-0.001404
0.004518
-0.010572
0.005200
0.009021
-0.006578
0.013846
0.003137
-0.015891
-0.002955
0.007482
0.024419
-0.013664
0.002509
0.007065
-0.012367
-0.001527
-0.029090
0.021673
-0.002101
-0.011802
-0.004213
0.006160
-0.016294
0.006963
0.000465
-0.010681
0.000748
0.002407
0.007597
0.000630
-0.003133
-0.013809
-0.014710
-0.011856
0.011518
-0.015613
-0.012101
-0.003927
0.002662
0.008851
0.009570
-0.011557
-0.008419
-0.002157
0.005504
0.003013
0.002207
0.003956
0.001536
-0.004853
0.004854
0.008882
0.002674
-0.018726
0.000621
-0.008877
0.015171
-0.000787
0.002425
-0.019886
0.010112
0.011367
-0.002931
0.014900
-0.003441
0.009884
-0.003277
0.007895
-0.003809
-0.013543
0.002760
0.008843
-0.005303
0.004836
0.007067
0.009988
-0.008711
0.010865
0.016253
0.002881
0.011393
-0.003034
0.008850
-0.009568
0.011431
-0.000669
0.013229
-0.002132
-0.009465
0.000829
-0.012590
-0.000438
0.006420
-0.009101
-0.007673
0.000292
0.007462
0.012694
-0.015997
0.007985
0.001529
-0.009096
0.004880
-0.003646
0.002598
-0.000493
-0.005960
-0.006034
0.004989
-0.006942
0.012137
-0.003514
0.007875
-0.004177
0.011043
-0.000305
0.001300
0.000227
0.009207
-0.008382
0.005089
-0.003573
-0.014035
0.000681
-0.000200
0.010329
-0.006213
0.000513
0.000860
0.007051
0.008677
0.000468
0.003649
-0.003288
0.016372
0.015957
-0.010694
-0.004927
0.002613
-0.000285
-0.004935
-0.010521
0.015181
0.012684
0.006414
-0.004849
0.004403
0.021395
-0.008650
0.003741
-0.003493
0.008804
0.003109
-0.014481
0.004108
-0.023816
0.005005
-0.013666
0.010073
0.002645
0.004647
0.000942
-0.006670
-0.001466
0.003045
-0.008212
-0.007152
-0.001566
0.002335
-0.001020
0.001054
0.003039
-0.004895
-0.006135
0.013685
0.004924
-0.012179
0.001952
0.009746
0.006349
0.001015
-0.000844
-0.007715
-0.009514
0.007699
0.014191
0.022415
-0.013923
-0.017015
0.004093
0.010244
0.006763
-0.003050
0.007220
-0.022325
0.005411
-0.008676
0.015502
-0.006830
-0.001201
-0.004213
-0.000085
0.012909
0.010611
0.006421
-0.004490
-0.016714
-0.007890
0.005456
-0.000855
0.005380
-0.002936
0.008939
0.009613
0.008600
-0.009971
0.010727
-0.000003
-0.022235
-0.008702
-0.008086
-0.000669
-0.009346
0.021216
0.009185
0.008956
0.006077
-0.003418
-0.032049
-0.002788
-0.000380
0.006487
-0.006026
0.003057
-0.000176
-0.002856
0.009138
-0.002702
-0.018596
-0.000491
-0.007423
0.005509
0.008891
0.001366
-0.007046
-0.015415
0.000497
0.001215
0.015205
-0.007950
-0.003255
-0.002491
0.004289
-0.001227
-0.005267
-0.006001
0.002773
-0.010976
-0.015295
-0.012022
0.003325
0.008714
-0.003649
0.002105
0.007994
-0.004034
0.005576
0.002823
0.005224
0.001780
0.007004
-0.018333
0.023920
-0.006771
0.016697
0.002604
-0.013997
0.000904
-0.003265
0.000122
-0.022137
-0.002565
0.010030
-0.000861
0.018466
-0.004796
-0.001392
0.006104
0.002405
-0.012109
-0.004935
0.008659
0.004893
-0.000963
0.003059
-0.023853
0.002883
0.009069
0.004710
0.010110
-0.000724
0.006524
-0.007421
-0.004009
0.008910
0.008145
0.001577
0.024216
-0.022833
-0.003151
0.012967
0.001433
0.018276
-0.002987
-0.026661
-0.019343
0.012670
-0.026843
-0.015186
0.009963
0.000067
-0.005137
-0.004412
-0.007226
-0.011597
-0.002697
0.000761
0.001325
-0.020374
-0.018280
-0.004863
0.016378
-0.005167
-0.000635
0.012185
-0.008073
-0.006104
0.002671
-0.006847
0.021522
0.006333
0.000038
0.006248
-0.011226
-0.008932
-0.003077
-0.007542
-0.014060
-0.001939
-0.000542
-0.011548
0.010009
0.005606
0.001776
-0.007760
0.012269
0.006566
-0.012209
0.004001
0.006559
-0.029303
0.008896
-0.005158
-0.013487
0.001538
0.009801
-0.003903
0.008876
-0.017168
0.004283
-0.008464
0.007966
-0.004697
-0.003262
-0.006238
-0.002553
0.004381
0.008381
0.003458
0.010781
0.008690
-0.000155
-0.003787
-0.009273
0.013710
-0.013284
0.001421
0.005289
-0.004857
-0.010514
-0.005193
-0.008945
-0.000636
-0.008563
-0.008597
-0.000216
0.011009
-0.002274
0.008206
0.001174
-0.000087
0.000020
0.000746
0.002010
0.004496
-0.000213
-0.005389
0.002163
-0.003949
0.006625
-0.003684
-0.007761
-0.005787
-0.010923
-0.003160
0.016532
0.001940
0.005060
-0.003613
0.004519
-0.001126
0.000087
0.002024
-0.009408
0.002201
0.001088
0.002992
0.011321
-0.009720
0.001855
0.020558
-0.005249
0.003479
-0.013865
0.002877
0.000157
0.000061
-0.009012
-0.013714
0.014155
0.000774
-0.002309
0.005119
0.011452
0.004520
-0.010623
-0.004446
0.008534
0.001365
-0.005474
0.002567
-0.012344
-0.010067
0.015441
0.006003
-0.007515
-0.006108
0.003958
-0.010091
0.005927
0.004822
-0.007048
-0.001769
0.001105
-0.011505
0.009726
-0.012584
-0.000295
0.008609
-0.006686
0.011254
-0.007991
0.003438
-0.010998
0.000482
0.004792
0.006873
0.009212
0.004587
-0.017978
0.000068
0.020898
-0.011380
-0.012807
-0.007746
0.002679
-0.004702
0.003046
0.014640
0.011850
0.007114
-0.009578
-0.012368
-0.001543
-0.007751
0.005301
0.007534
0.018498
0.012985
0.021661
0.001219
0.000561
0.001205
-0.001259
-0.011477
0.025912
-0.016084
0.003860
-0.000395
0.001340
-0.001528
0.008575
0.004602
0.006096
-0.001793
0.014439
0.017790
-0.021697
0.010797
0.002944
-0.007691
0.001049
-0.002795
-0.021913
0.000052
-0.010893
-0.000505
-0.002905
-0.006137
-0.012823
0.004785
-0.007530
0.007401
0.019179
0.006602
0.016401
0.009899
-0.001401
-0.010076
-0.013980
-0.011732
0.011769
-0.001561
0.004978
0.002773
-0.002739
0.001186
0.007563
-0.005191
-0.001007
-0.010285
-0.000735
-0.006062
-0.005156
0.006018
0.001210
-0.006214
-0.006260
-0.004344
0.007916
0.000829
0.009543
-0.009624
0.009006
0.015440
-0.005543
-0.010613
0.001583
-0.000214
-0.004036
-0.004740
-0.011344
0.002910
-0.009348
-0.007919
-0.010558
-0.000902
0.004646
0.005330
-0.021642
0.005533
-0.009798
0.008667
-0.008085
-0.001756
-0.012179
-0.012573
0.008074
-0.000794
-0.006467
-0.001138
0.001630
0.000026
-0.001638
-0.007645
-0.002215
-0.008123
-0.005324
-0.003862
-0.002033
0.008850
-0.004611
-0.003621
-0.002485
0.009854
0.002703
0.007592
-0.004561
0.002273
-0.004062
-0.003971
0.001618
-0.005961
-0.010058
0.004158
0.007003
-0.023142
0.002065
0.006418
0.003657
0.009202
-0.004933
-0.008602
-0.011568
-0.008810
-0.005118
-0.011318
0.006028
-0.003668
0.005291
0.007510
-0.004875
-0.021123
0.009128
0.003955
-0.010167
-0.015343
-0.004973
0.005120
-0.014437
-0.003132
0.009308
0.003460
0.013867
-0.003868
0.005895
-0.005241
-0.002004
-0.001327
0.012717
0.012364
0.012482
-0.021577
0.013078
-0.011131
-0.022861
0.017867
-0.023010
-0.023673
-0.036662
0.016935
-0.010552
0.004205
0.002490
-0.013285
-0.014114
-0.004276
-0.013042
-0.015299
-0.001157
-0.003078
0.008400
0.012788
-0.008099
0.005914
0.024662
0.004667
0.012353
0.015825
0.008403
-0.006712
-0.006751
0.000421
0.008084
0.002056
0.002787
0.012512
-0.009250
-0.014782
0.002418
-0.003414
-0.010892
-0.002969
0.005898
0.008585
-0.001775
0.003619
-0.014978
0.012899
-0.003248
-0.007063
0.008644
0.013324
-0.005731
0.008856
0.002876
-0.004518
-0.008446
-0.007845
-0.008075
-0.013172
0.001263
-0.012485
0.010770
0.011506
-0.012485
0.004679
-0.010733
-0.001802
-0.014567
-0.011907
0.008176
0.012735
0.003959
0.003902
0.011221
-0.007620
0.003593
-0.000924
0.006912
0.004755
-0.014123
0.018039
-0.017039
-0.005683
-0.012204
0.000144
0.002214
-0.002839
-0.005532
-0.012494
0.005888
0.007540
-0.004160
0.005845
0.006350
-0.004263
0.002617
-0.009790
0.007749
0.011656
0.004396
-0.012480
0.014989
-0.009743
-0.005000
0.003001
-0.004015
-0.016105
0.007414
0.002007
-0.010181
0.004787
0.001250
0.001122
0.011372
0.001962
0.003120
0.008205
-0.010223
0.001779
-0.001795
0.007273
0.013730
-0.027350
0.003607
0.002692
-0.008122
-0.016527
0.004022
0.014531
-0.001774
-0.002752
0.003843
0.015644
-0.003276
0.002604
0.002869
0.008911
0.008639
0.002238
-0.011219
-0.011854
0.009664
0.016662
0.001424
-0.007435
-0.016035
0.016934
-0.003497
-0.002984
-0.000941
-0.000286
0.004685
-0.000977
-0.007012
0.017284
0.009889
0.012440
0.019169
0.012400
-0.001012
0.018434
-0.012941
-0.010920
-0.010981
0.019022
-0.024903
0.035135
-0.001273
-0.011189
-0.013794
0.008038
0.008096
-0.008198
0.012505
-0.000615
-0.000619
-0.001985
-0.010605
-0.006566
-0.002438
-0.012154
-0.005692
-0.000126
0.000394
-0.002533
-0.006729
0.009120
-0.001782
-0.000057
-0.005741
0.001070
-0.002204
0.013810
0.021736
-0.005596
0.003102
-0.005659
-0.001870
-0.004588
0.001992
-0.017969
0.004300
0.001966
0.006456
0.003975
-0.002039
-0.011911
-0.018369
-0.006301
0.018974
-0.018594
-0.005164
0.018328
0.009546
0.006581
0.013585
0.001490
-0.009167
-0.004139
-0.008893
-0.006664
-0.003086
-0.026814
-0.010006
-0.021728
0.002162
-0.018901
0.011225
-0.008236
0.017130
0.014597
0.000634
0.004016
-0.006672
-0.004114
-0.007815
0.016730
-0.000348
-0.005684
-0.001653
-0.007987
-0.000835
0.008455
0.000940
0.006429
-0.011686
0.001065
0.016708
0.003080
-0.000279
-0.013711
0.003946
0.012843
-0.005558
-0.003409
-0.001402
-0.001038
-0.007783
0.002246
0.002291
-0.001929
-0.024648
0.002627
0.002551
0.011519
-0.000007
-0.000450
-0.004595
0.003654
0.004227
0.005315
0.008635
0.004112
0.002581
0.001421
0.004435
-0.006643
0.004022
0.010192
0.000985
0.008026
-0.003859
-0.006907
-0.015981
0.006739
0.001164
0.006785
-0.013199
-0.001795
0.010865
0.017069
-0.017416
0.004555
0.000537
0.017008
-0.008054
-0.004451
0.002643
0.003736
0.012553
0.002091
0.002487
-0.001743
-0.017149
0.000686
0.012981
-0.010847
-0.001534
0.007334
0.006822
0.000212
0.006924
0.015794
0.010703
0.008624
0.013610
-0.007061
-0.004016
-0.007684
-0.011008
-0.002084
-0.004605
-0.011283
0.013867
-0.003518
-0.003108
0.018939
0.000298
-0.003181
-0.010246
-0.006067
-0.002039
0.004025
-0.010827
-0.014940
0.022113
0.006823
-0.002114
0.003578
-0.010906
-0.030817
-0.000460
-0.009059
0.012527
0.012646
-0.002313
0.020842
-0.001476
-0.000796
0.002923
-0.011196
0.012488
-0.002296
0.001691
0.010218
-0.015032
-0.010519
0.018579
0.006560
-0.002403
-0.007715
-0.013287
0.011712
0.003690
-0.000014
0.015614
-0.003522
0.003905
-0.004657
0.031369
0.003158
0.000679
-0.015108
-0.005913
-0.004007
-0.000481
-0.006547
-0.011970
0.005085
-0.005710
-0.015891
-0.009630
-0.004234
-0.009900
0.007655
-0.032854
-0.021565
-0.003448
0.012562
0.007428
0.002882
0.003355
0.001134
0.003629
-0.005492
0.005321
0.015195
-0.009007
0.001973
-0.012709
0.004317
-0.003093
-0.014691
0.005283
0.018021
-0.010590
-0.005837
-0.002891
0.005016
0.012665
0.011791
0.011086
0.000978
0.036578
-0.018732
0.017630
-0.007545
-0.005828
-0.005254
-0.006954
-0.008611
0.007234
0.002530
-0.000915
-0.012022
-0.008891
0.001775
0.010407
0.012186
-0.003615
-0.006697
-0.015568
0.001542
0.003249
0.000353
-0.001268
-0.005463
0.011251
-0.013747
-0.016231
-0.001014
-0.003673
-0.001596
0.014190
-0.003653
-0.011242
0.008525
0.005878
0.003572
0.007293
0.003186
-0.000565
0.007435
0.004458
-0.001050
0.013362
0.015718
0.020772
-0.001332
0.013017
0.018151
0.009183
-0.006831
0.001592
0.001247
-0.002439
-0.006743
0.008023
-0.000357
-0.010103
0.020642
0.004648
-0.009707
0.015815
0.000290
-0.003932
0.001918
0.007438
0.004873
0.002071
-0.000281
0.006869
0.018618
-0.011869
0.020090
0.008855
-0.007740
0.010153
-0.013266
-0.016038
-0.005603
-0.001813
0.009218
-0.001691
0.008356
0.001760
-0.003097
0.008822
-0.003491
0.024099
0.008725
-0.008354
0.007705
-0.004508
0.001340
0.003651
0.005779
0.000884
0.003152
-0.004196
0.005918
0.001540
0.005247
-0.001205
0.005426
0.006700
0.014494
0.006383
0.000534
0.015716
0.003604
-0.012698
0.010503
-0.004099
0.010711
-0.000563
0.000603
0.017868
0.006240
0.011964
-0.005841
-0.004741
0.006791
0.001015
-0.018819
-0.007209
-0.016903
0.002604
-0.006365
0.002782
-0.004242
0.001470
-0.002424
-0.009907
-0.009697
0.015346
0.022326
-0.002474
-0.009282
-0.004045
0.000918
0.005743
-0.002868
-0.023645
0.002456
0.009356
0.002042
0.003803
-0.005650
-0.000777
-0.008959
-0.009131
0.002473
0.013200
-0.000281
-0.011036
-0.019182
0.002120
0.028358
0.000768
-0.026093
-0.020170
-0.028548
-0.002456
-0.002468
-0.007548
0.001228
-0.000657
0.004829
-0.000354
0.000758
-0.004169
0.003272
0.019308
0.009686
0.002911
-0.001589
-0.005278
-0.002598
-0.000490
0.000304
-0.021745
-0.003986
0.005747
0.005117
0.009179
0.005828
-0.017637
-0.001326
0.010671
0.007267
-0.007080
-0.008134
-0.001963
-0.022870
-0.019696
0.024074
0.000290
-0.005081
0.001514
0.023619
-0.004838
-0.020855
0.022151
-0.012678
0.019876
0.005546
0.002289
0.005310
0.001352
-0.006165
0.006282
-0.004432
-0.006250
-0.001651
-0.000974
-0.004551
-0.004327
0.008377
0.010473
0.009349
0.004167
-0.002650
0.007925
0.009985
-0.001700
-0.009037
0.001252
0.003275
-0.006474
0.000745
0.000078
-0.007470
0.013451
0.006961
-0.005403
0.004857
-0.043067
0.016416
-0.005753
0.000401
0.008752
-0.000747
-0.000908
0.011623
-0.002120
-0.004340
-0.001235
0.004257
0.009160
0.019387
-0.003710
-0.000570
0.005927
0.000655
0.014700
-0.017125
0.011823
-0.005671
-0.006643
0.002288
-0.004370
-0.003368
-0.002178
0.011795
-0.005179
-0.012000
-0.002800
0.003509
-0.007652
-0.003393
0.006065
-0.009237
0.014606
-0.013290
0.007876
0.007103
-0.004535
0.006294
0.001865
0.007320
-0.011448
0.004413
0.038940
-0.020881
-0.015899
-0.010628
